0
1 515450
2 515624
0 516558
1
1 293712
2 293847
0 294785
2
1 111961
2 112146
0 113083
3
1 1938877
2 1939107
0 1940053
4
1 2063509
2 2063722
0 2064665
5
1 1417353
2 1417521
0 1418455
6
1 124545
2 124715
0 125648
7
1 1560507
2 1560720
0 1561661
8
1 1336398
2 1336521
0 1337460
9
1 1743878
2 1744048
0 1744983
10
1 1365941
2 1366233
0 1367187
11
1 1165216
2 1165419
0 1166356
12
1 1626160
2 1626429
0 1627384
13
1 1846128
2 1846337
0 1847278
14
1 644976
2 645171
0 646111
15
1 619385
2 619591
0 620530
16
1 1184729
2 1184745
0 1185689
17
1 1439900
2 1440123
0 1441068
18
1 1633469
2 1633715
0 1634666
19
1 1188930
2 1189191
0 1190144
20
1 1248791
2 1248972
0 1249907
21
1 1299768
2 1299963
0 1300902
22
1 227636
2 227864
0 228810
23
1 135806
2 136009
0 136951
24
1 1885860
2 1886113
0 1887066
25
1 582178
2 582359
0 583294
26
1 328307
2 328567
0 329517
27
1 1550892
2 1551085
0 1552024
28
1 688210
2 688418
0 689363
29
1 1088571
2 1088735
0 1089671
30
1 1683842
2 1684053
0 1684994
31
1 1370034
2 1370217
0 1371152
32
1 1956371
2 1956597
0 1957540
33
1 677950
2 678208
0 679159
34
1 612836
2 613090
0 614039
35
1 318355
2 318570
0 319511
36
1 183058
2 183290
0 184238
37
1 204506
2 204691
0 205627
38
1 618387
2 618642
0 619596
39
1 1003402
2 1003608
0 1004548
40
1 1480348
2 1480497
0 1481432
41
1 1024199
2 1024408
0 1025351
42
1 1226768
2 1227182
0 1228124
43
1 20306
2 20646
0 21594
44
1 576675
2 576857
0 577795
45
1 509863
2 510083
0 511025
46
1 993302
2 993479
0 994414
47
1 1037313
2 1037456
0 1038390
48
1 1555942
2 1556132
0 1557071
49
1 1361779
2 1361931
0 1362864
50
1 739580
2 739708
0 740648
51
1 1864236
2 1864437
0 1865379
52
1 271724
2 271968
0 272916
53
1 1803873
2 1804066
0 1805006
54
1 1557000
2 1557263
0 1558215
55
1 964817
2 965014
0 965957
56
1 1501003
2 1501230
0 1502174
57
1 1480583
2 1480759
0 1481692
58
1 36940
2 37101
0 38035
59
1 1150934
2 1151134
0 1152074
60
1 1500075
2 1500293
0 1501237
61
1 1360408
2 1360521
0 1361456
62
1 776569
2 776788
0 777730
63
1 1843575
2 1843940
0 1844884
64
1 1475457
2 1475570
0 1476508
65
1 1014862
2 1015139
0 1016092
66
1 1302880
2 1303092
0 1304034
67
1 907220
0 908328
68
1 988346
2 988496
0 989430
69
1 1257859
2 1258084
0 1259027
70
1 2050661
2 2050855
0 2051796
71
1 1541551
2 1541708
0 1542643
72
1 47195
2 47405
0 48349
73
1 2076926
2 2077154
0 2078102
74
1 1782525
2 1782710
0 1783648
75
1 894215
2 894340
0 895283
76
1 563002
0 564182
77
1 1401316
2 1401520
0 1402463
78
1 802505
2 802777
0 803733
79
1 1445463
2 1445708
0 1446657
80
1 1897120
2 1897304
0 1898241
81
1 482310
2 482543
0 483490
82
1 1372458
2 1372562
0 1373497
83
1 1609728
2 1610042
0 1610996
84
1 1039413
2 1039617
0 1040559
85
1 1801943
2 1802130
0 1803067
86
1 2057528
2 2057702
0 2058638
87
1 1852977
2 1853152
0 1854087
88
1 672435
2 672740
0 673697
89
1 498191
2 498405
0 499349
90
1 93691
2 93880
0 94817
91
1 1148597
2 1148875
0 1149830
92
1 1559539
2 1559804
0 1560758
93
1 906681
2 906915
0 907861
94
1 1121341
2 1121584
0 1122534
95
1 388469
2 388680
0 389623
96
1 1011554
2 1011787
0 1012731
97
1 1505730
2 1505892
0 1506825
98
1 1778466
2 1778626
0 1779560
99
1 880575
2 880746
0 881680
100
1 2001101
2 2001308
0 2002251
101
1 295062
2 295294
0 296243
102
1 1800856
2 1801041
0 1801979
103
1 920738
0 921856
104
1 2048326
2 2048531
0 2049474
105
1 1794298
2 1794456
0 1795392
106
1 1085443
2 1085607
0 1086542
107
1 478511
2 478713
0 479658
108
1 1360761
2 1360945
0 1361881
109
1 81244
2 81417
0 82354
110
1 997537
2 997756
0 998701
111
1 502669
2 502763
0 503699
112
1 455680
2 455858
0 456796
113
1 1307942
2 1308192
0 1309141
114
1 184124
2 184275
0 185212
115
1 1859060
2 1859267
0 1860208
116
1 1565227
2 1565477
0 1566431
117
1 1185482
2 1185734
0 1186684
118
1 2022777
2 2022948
0 2023882
119
1 629642
2 629940
0 630895
120
1 726126
2 726279
0 727214
121
1 352629
2 352887
0 353838
122
1 872793
2 873128
0 874079
123
1 198952
2 199149
0 200090
124
1 628490
2 628706
0 629655
125
1 1084755
2 1084961
0 1085903
126
1 1891003
2 1891266
0 1892219
127
1 745345
2 745356
0 746302
128
1 1703658
2 1703905
0 1704859
129
1 1971500
2 1971729
0 1972677
130
1 489552
2 489746
0 490685
131
1 57414
2 57615
0 58557
132
1 1397808
2 1398022
0 1398966
133
1 1912688
2 1912986
0 1913940
134
1 585947
2 586162
0 587108
135
1 143302
2 143487
0 144424
136
1 1422676
2 1422921
0 1423871
137
1 1947713
2 1948030
0 1948982
138
1 936248
2 936485
0 937434
139
1 1492242
2 1492468
0 1493411
140
1 1958519
2 1958758
0 1959707
141
1 598262
2 598487
0 599432
142
1 1966562
2 1966709
0 1967644
143
1 238379
2 238574
0 239515
144
1 32800
2 33099
0 34056
145
1 1387040
2 1387192
0 1388125
146
1 1007911
2 1008103
0 1009043
147
1 1337459
2 1337666
0 1338608
148
1 2028983
2 2029137
0 2030069
149
1 728923
0 730099
150
1 752818
2 753056
0 754002
151
1 1708451
2 1708713
0 1709667
152
1 555605
2 555781
0 556719
153
1 275605
2 275827
0 276774
154
1 1405200
2 1405436
0 1406384
155
1 1746489
2 1746680
0 1747619
156
1 1411833
2 1411988
0 1412924
157
1 269879
2 270076
0 271017
158
1 41337
2 41552
0 42498
159
1 1482308
2 1482517
0 1483461
160
1 1881682
2 1881897
0 1882843
161
1 1385496
2 1385694
0 1386635
162
1 103323
2 103479
0 104414
163
1 1729513
2 1729780
0 1730734
164
1 887158
0 888299
165
1 1493072
2 1493244
0 1494179
166
1 1262357
2 1262530
0 1263468
167
1 1588782
2 1588952
0 1589887
168
1 426231
2 426428
0 427369
169
1 421629
2 421785
0 422718
170
1 567919
2 568144
0 569092
171
1 923049
2 923261
0 924207
172
1 346435
2 346661
0 347606
173
1 1617040
2 1617263
0 1618209
174
1 870857
2 871033
0 871967
175
1 1657624
2 1657839
0 1658783
176
1 1031968
2 1032139
0 1033072
177
1 1489367
2 1489529
0 1490464
178
1 1671041
2 1671260
0 1672205
179
1 340465
2 340620
0 341556
180
1 252527
2 252813
0 253771
181
1 1204022
2 1204247
0 1205193
182
1 698762
2 698973
0 699917
183
1 1088239
2 1088391
0 1089327
184
1 1129017
2 1129265
0 1130213
185
1 1911159
2 1911409
0 1912360
186
1 1238359
0 1239564
187
1 689234
2 689432
0 690372
188
1 909999
2 910262
0 911218
189
1 30997
2 31211
0 32152
190
1 4785
2 4945
0 5881
191
1 1400434
2 1400708
0 1401663
192
1 1089423
2 1089706
0 1090661
193
1 1263065
0 1264165
194
1 1443576
2 1443748
0 1444684
195
1 1883253
2 1883449
0 1884388
196
1 757978
2 758183
0 759124
197
1 1369224
2 1369518
0 1370472
198
1 413863
2 413993
0 414933
199
1 996056
2 996271
0 997213
200
1 1191742
2 1191948
0 1192892
201
1 1544726
2 1544913
0 1545849
202
1 1109461
0 1110574
203
1 1088401
2 1088588
0 1089523
204
1 2092041
0 2093217
205
1 1589255
2 1589508
0 1590462
206
1 345172
2 345435
0 346387
207
1 1224042
2 1224241
0 1225182
208
1 2087109
2 2087339
0 2088289
209
1 1256962
2 1257172
0 1258114
210
1 400166
2 400460
0 401412
211
1 1119223
2 1119448
0 1120391
212
1 1119355
2 1119521
0 1120458
213
1 2068073
2 2068183
0 2069118
214
1 1806011
2 1806249
0 1807201
215
1 1922004
2 1922218
0 1923163
216
1 1798186
2 1798361
0 1799298
217
1 611043
2 611178
0 612119
218
1 884252
2 884525
0 885477
219
1 1195318
0 1196501
220
1 1727094
2 1727363
0 1728321
221
1 430212
2 430406
0 431347
222
1 636900
2 637104
0 638043
223
1 1592351
2 1592544
0 1593480
224
1 962345
2 962582
0 963533
225
1 1177712
2 1177893
0 1178829
226
1 1075852
2 1076024
0 1076960
227
1 225669
2 225812
0 226750
228
1 1655205
2 1655495
0 1656454
229
1 887570
2 887724
0 888662
230
1 1715696
2 1715939
0 1716889
231
1 1834441
2 1834641
0 1835581
232
1 2056720
2 2056922
0 2057865
233
1 946242
2 946432
0 947372
234
1 1518533
2 1518731
0 1519669
235
1 2015289
2 2015466
0 2016397
236
1 38629
2 38809
0 39746
237
1 1645041
2 1645255
0 1646198
238
1 40909
2 41062
0 41996
239
1 2073771
2 2073982
0 2074928
240
1 2037560
2 2037766
0 2038710
241
1 771648
2 771879
0 772827
242
1 491902
2 491938
0 492880
243
1 1459298
2 1459539
0 1460490
244
1 598800
0 599943
245
1 2068788
2 2069055
0 2070009
246
1 781279
2 781482
0 782425
247
1 282831
2 283070
0 284020
248
1 1923130
2 1923277
0 1924213
249
1 1686075
2 1686280
0 1687225
250
1 1805080
2 1805289
0 1806236
251
1 733361
2 733553
0 734492
252
1 300210
2 300421
0 301364
253
1 1251787
2 1251989
0 1252932
254
1 949004
2 949215
0 950161
255
1 791002
2 791299
0 792255
256
1 992599
2 992824
0 993770
257
1 193730
2 193921
0 194859
258
1 2028942
2 2029065
0 2030006
259
1 74593
2 74794
0 75732
260
1 2060420
2 2060631
0 2061574
261
1 1832302
2 1832507
0 1833449
262
1 1205682
2 1205905
0 1206852
263
1 1330317
2 1330516
0 1331459
264
1 961956
2 962068
0 963006
265
1 172218
0 173401
266
1 243033
2 243299
0 244254
267
1 204752
2 204916
0 205852
268
1 1537470
2 1537745
0 1538700
269
1 855735
2 855921
0 856859
270
1 91259
2 91526
0 92480
271
1 1448490
0 1449615
272
1 1549831
2 1549997
0 1550932
273
1 497093
2 497277
0 498213
274
1 2016373
2 2016648
0 2017601
275
1 1636071
2 1636283
0 1637226
276
1 1695913
2 1696082
0 1697016
277
1 498417
2 498570
0 499505
278
1 726457
2 726691
0 727640
279
1 1995687
2 1995856
0 1996792
280
1 965602
0 966728
281
1 135763
2 135879
0 136818
282
1 1479782
2 1479992
0 1480936
283
1 91795
2 91963
0 92898
284
1 27622
2 27801
0 28737
285
1 518979
2 519050
0 519985
286
1 1113555
2 1113753
0 1114695
287
1 299066
0 300202
288
1 2081776
2 2082072
0 2083027
289
1 1623334
2 1623559
0 1624506
290
1 1438669
2 1438835
0 1439768
291
1 484389
2 484611
0 485556
292
1 1395991
2 1396180
0 1397117
293
1 430243
2 430390
0 431326
294
1 1939977
0 1941180
295
1 853078
0 854212
296
1 1865077
2 1865321
0 1866270
297
1 2052639
2 2052909
0 2053860
298
1 1952213
2 1952389
0 1953324
299
1 1236486
2 1236699
0 1237643
300
1 1645543
2 1645754
0 1646698
301
1 158778
2 158948
0 159881
302
1 310949
0 312168
303
1 1974534
2 1974678
0 1975613
304
1 2047082
2 2047264
0 2048202
305
1 1918715
2 1918924
0 1919868
306
1 1205579
2 1205776
0 1206718
307
1 1155633
2 1155861
0 1156810
308
1 1338328
2 1338603
0 1339555
309
1 625856
2 626074
0 627020
310
1 495723
0 496914
311
1 712078
2 712289
0 713229
312
1 918655
2 918875
0 919818
313
1 743886
2 744273
0 745217
14 732505
314
1 1188710
2 1188921
0 1189863
315
1 200607
2 200776
0 201710
316
1 725120
2 725271
0 726205
317
1 413831
2 414127
0 415080
318
1 1070096
2 1070273
0 1071210
319
1 1440560
2 1440644
0 1441580
320
1 1485995
2 1486321
0 1487273
321
1 1274351
2 1274460
0 1275396
322
1 735410
2 735699
0 736654
323
1 511827
2 512066
0 513015
324
1 1909062
2 1909231
0 1910167
325
1 1672018
2 1672234
0 1673175
326
1 1109716
2 1109866
0 1110801
327
1 1575795
2 1576050
0 1577000
328
1 605872
2 606027
0 606963
329
1 1622486
2 1622669
0 1623609
330
1 339988
2 340207
0 341151
331
1 560432
2 560628
0 561568
332
1 1749482
2 1749770
0 1750727
333
1 1805633
2 1805856
0 1806803
334
1 1948661
2 1948934
0 1949890
335
1 1819860
2 1820169
0 1821128
336
1 73719
2 73941
0 74885
337
1 1415463
2 1415736
0 1416689
338
1 496066
2 496221
0 497158
339
1 1380852
2 1381049
0 1381993
340
1 408791
2 409018
0 409966
341
1 127052
2 127323
0 128276
2 168784
342
1 949642
2 949960
0 950914
343
1 365240
2 365397
0 366332
344
1 1162588
0 1163701
345
1 1273978
2 1274207
0 1275158
346
1 216457
2 216658
0 217599
347
1 1911222
2 1911326
0 1912261
348
1 787618
2 787768
0 788707
349
1 1225268
2 1225526
0 1226477
350
1 1954531
2 1954723
0 1955661
351
1 1406813
2 1406954
0 1407891
352
1 1598686
2 1598807
0 1599747
353
1 626890
2 627148
0 628102
354
1 623862
2 624068
0 625011
355
1 157179
2 157375
0 158319
356
1 93528
2 93780
0 94731
357
1 1089283
2 1089533
0 1090486
358
1 62360
2 62566
0 63508
359
1 658691
2 658884
0 659825
360
1 1814474
2 1814675
0 1815614
361
1 937830
2 938101
0 939052
362
1 2086517
2 2086690
0 2087625
363
1 1220045
2 1220225
0 1221160
364
1 1754941
2 1755094
0 1756033
365
1 1240261
2 1240440
0 1241377
366
1 1830281
2 1830496
0 1831443
367
1 227998
2 228277
0 229234
368
1 1170662
2 1170931
0 1171883
369
1 1147769
2 1148060
0 1149015
370
1 1195795
0 1196985
371
1 580738
2 580883
0 581822
372
1 1471251
2 1471454
0 1472394
373
1 1649161
2 1649415
0 1650365
374
1 571106
2 571277
0 572216
375
1 1692894
2 1693082
0 1694021
376
1 837729
2 838024
0 838982
377
1 374940
2 375203
0 376155
378
1 739346
2 739567
0 740509
379
1 386291
2 386506
0 387450
380
1 1475727
2 1475920
0 1476859
381
1 609681
2 609905
0 610849
382
1 1238577
2 1238825
0 1239776
383
1 924645
2 924909
0 925861
384
1 1580002
2 1580222
0 1581166
385
1 848369
2 848576
0 849518
386
1 1937019
2 1937269
0 1938223
387
1 950449
2 950649
0 951592
388
1 340391
2 340621
0 341567
389
1 1685027
2 1685241
0 1686187
390
1 1646645
2 1646912
0 1647864
391
1 1138815
0 1139874
392
1 1259048
2 1259245
0 1260187
393
1 116855
2 117119
0 118074
394
1 2009130
2 2009396
0 2010349
395
1 1690608
2 1690794
0 1691731
396
1 1861262
2 1861482
0 1862424
397
1 1486223
2 1486428
0 1487371
398
1 1390518
2 1390777
0 1391727
399
1 889126
2 889314
0 890254
400
1 763682
0 764753
401
1 983806
2 984002
0 984942
402
1 642387
2 642595
0 643535
403
1 312119
2 312207
0 313144
404
1 56269
2 56436
0 57369
405
1 27572
2 27772
0 28714
406
1 1907902
2 1908048
0 1908982
407
1 486263
0 487376
408
1 122511
2 122719
0 123660
409
1 1280320
2 1280630
0 1281585
410
1 1292214
2 1292480
0 1293431
411
1 433843
2 433985
0 434921
412
1 1419154
0 1420330
413
1 592458
2 592617
0 593551
414
1 803468
2 803684
0 804629
415
1 1349078
2 1349241
0 1350174
416
1 458671
2 458677
0 459625
417
1 862817
2 863020
0 863960
418
1 1897039
2 1897242
0 1898184
419
1 1080142
2 1080396
0 1081347
420
1 1376872
2 1377114
0 1378063
421
1 936727
2 936991
0 937944
422
1 1553301
2 1553440
0 1554380
423
1 897754
2 897983
0 898926
424
1 1276883
2 1277087
0 1278031
425
1 1639143
2 1639389
0 1640339
426
1 1869300
2 1869596
0 1870554
427
1 1961130
2 1961435
0 1962391
428
1 1645580
2 1645652
0 1646581
429
1 1699004
2 1699215
0 1700158
430
1 1714108
2 1714343
0 1715290
431
1 138486
2 138745
0 139701
432
1 1284680
2 1284860
0 1285797
433
1 1220688
2 1220916
0 1221864
434
1 1274018
2 1274126
0 1275061
435
1 1560326
2 1560514
0 1561454
436
1 2034257
2 2034550
0 2035507
437
1 150082
2 150309
0 151252
438
1 1035847
2 1036081
0 1037028
439
1 452464
2 452614
0 453551
440
1 34226
2 34475
0 35424
441
1 1993434
2 1993637
0 1994579
442
1 218936
2 219177
0 220126
443
1 298556
2 298771
0 299716
444
1 1295676
2 1295929
0 1296883
445
1 1405747
2 1405904
0 1406841
446
1 745276
2 745504
0 746450
447
1 1641592
2 1641812
0 1642756
448
1 72930
2 73148
0 74094
449
1 1042167
2 1042347
0 1043283
450
1 2029527
2 2029726
0 2030667
451
1 124405
2 124626
0 125573
452
1 2022076
2 2022297
0 2023243
453
1 419054
2 419330
0 420285
454
1 1071843
2 1071953
0 1072892
455
1 354072
2 354332
0 355286
456
1 1728140
2 1728387
0 1729338
457
1 1682603
2 1682758
0 1683694
458
1 818006
2 818182
0 819119
459
1 889133
2 889333
0 890275
460
1 1948841
2 1948954
0 1949890
461
1 318629
2 318914
0 319871
462
1 1404828
0 1406123
463
1 53422
2 53610
0 54546
464
1 2018953
2 2018859
0 2019915
465
1 1565577
2 1565855
0 1566811
466
1 1062801
2 1062983
0 1063917
467
1 1953479
0 1954657
468
1 526505
2 526711
0 527654
469
1 377346
2 377564
0 378511
470
1 1962698
2 1962818
0 1963761
471
1 930800
2 930978
0 931915
472
1 1248939
2 1249167
0 1250117
473
1 1257649
2 1257888
0 1258838
474
1 1534351
2 1534565
0 1535511
475
1 538400
2 538578
0 539513
476
1 1993442
2 1993665
0 1994610
477
1 848133
2 848342
0 849287
478
1 1984609
2 1984569
0 1985513
479
1 172686
2 172936
0 173891
480
1 1322342
2 1322557
0 1323501
481
1 1520993
2 1521253
0 1522204
482
1 222054
2 222245
0 223183
483
1 1074291
2 1074489
0 1075430
484
1 149309
0 150487
485
1 1611134
2 1611387
0 1612341
486
1 27930
2 28116
0 29053
487
1 1583007
2 1583339
0 1584291
488
1 811174
2 811426
0 812377
489
1 756377
2 756585
0 757525
490
1 363072
2 363290
0 364233
491
1 1909699
2 1909932
0 1910882
492
1 1260796
2 1261016
0 1261962
493
1 1960777
2 1960961
0 1961899
494
1 1688428
2 1688777
0 1689723
495
1 150411
2 150645
0 151593
496
1 102903
2 103209
0 104165
2 140441
497
1 999385
2 999627
0 1000576
498
1 508674
2 508819
0 509757
499
1 1500158
2 1500335
0 1501270
500
1 304507
2 304725
0 305667
501
1 795063
2 795298
0 796247
502
1 1179847
2 1180071
0 1181017
503
1 916395
2 916563
0 917493
504
1 688527
2 688700
0 689637
505
1 678417
2 678648
0 679597
506
1 107000
2 107222
0 108169
507
1 1477630
2 1477828
0 1478768
508
1 1644143
2 1644359
0 1645301
509
1 1123476
2 1123698
0 1124641
510
1 1860311
2 1860595
0 1861552
511
1 1353111
2 1353327
0 1354273
512
1 123936
2 123711
0 124906
513
1 1580624
2 1580645
0 1581584
514
1 359251
2 359333
0 360267
515
1 828175
2 828487
0 829443
516
1 1416066
2 1416327
0 1417280
517
1 1017377
2 1017627
0 1018577
518
1 1315377
2 1315688
0 1316645
519
1 514374
2 514559
0 515495
520
1 1762578
0 1763760
521
1 248885
2 249155
0 250107
522
1 1864383
2 1864576
0 1865514
523
1 1585744
2 1585961
0 1586907
524
1 471392
2 471647
0 472601
525
1 23147
2 23341
0 24279
526
1 592167
2 592354
0 593293
527
1 1514697
2 1514915
0 1515863
528
1 43544
0 44777
529
1 185532
2 185789
0 186742
530
1 829915
2 830147
0 831093
1 837598
531
1 31641
2 31905
0 32860
532
1 256112
2 256232
0 257173
533
1 1106883
2 1107110
0 1108055
534
1 506499
2 506706
0 507648
535
1 1214599
2 1214765
0 1215703
536
1 973570
2 973753
0 974694
537
1 360817
2 361045
0 361992
538
1 811697
2 811885
0 812824
539
1 2004431
2 2004492
0 2005426
540
1 151192
2 151417
0 152363
541
1 1142144
2 1142321
0 1143257
542
1 212177
2 212404
0 213352
543
1 418596
2 418858
0 419810
544
1 420063
2 420258
0 421199
545
1 497817
2 498015
0 498957
14 531709
546
1 1440575
2 1440746
0 1441683
547
1 2048106
2 2048298
0 2049237
548
1 828638
2 828805
0 829741
549
1 546615
2 546808
0 547749
550
1 657308
0 658477
551
1 392875
2 393096
0 394042
552
1 231727
2 231931
0 232874
553
1 68226
2 68483
0 69436
554
1 627329
2 627531
0 628471
555
1 663730
2 663936
0 664877
556
1 1876091
2 1876294
0 1877238
557
1 500810
2 500996
0 501934
558
1 1992535
2 1992815
0 1993769
559
1 693482
2 693712
0 694661
560
1 804867
2 805033
0 805966
561
1 451789
2 452012
0 452957
562
1 1163798
2 1164047
0 1165000
563
1 239420
2 239604
0 240543
564
1 101750
2 102005
0 102957
565
1 487686
2 487901
0 488846
566
1 887024
2 887281
0 888231
567
1 350000
2 350178
0 351119
568
1 970929
2 971103
0 972035
569
1 968855
2 969087
0 970032
570
1 417304
2 417499
0 418441
571
1 753592
2 753865
0 754816
572
1 188652
2 188980
0 189935
573
1 979346
2 979573
0 980517
574
1 1768310
2 1768503
0 1769439
575
1 986646
2 986830
0 987767
576
1 1492325
2 1492483
0 1493421
577
1 730857
2 731133
0 732086
578
1 1492709
2 1492869
0 1493807
579
1 485636
0 486738
580
1 862559
2 862788
0 863732
581
1 1186742
0 1187924
582
1 1435213
2 1435462
0 1436412
583
1 1727359
2 1727572
0 1728514
584
1 1214694
2 1214802
0 1215736
585
1 1197957
2 1198175
0 1199119
586
1 198131
2 198289
0 199227
587
1 1829967
2 1830157
0 1831097
588
1 1057894
0 1059078
589
1 2078718
2 2078968
0 2079920
590
1 549259
2 549551
0 550508
591
1 610980
2 611165
0 612106
592
1 1095141
2 1095341
0 1096280
593
1 405565
2 405774
0 406716
594
1 840176
2 840497
0 841453
595
1 1038151
2 1038195
0 1039135
596
1 2077122
2 2077489
0 2078434
597
1 772696
2 772827
0 773770
598
1 734266
2 734463
0 735401
599
1 547119
2 547301
0 548237
600
1 798533
2 798804
0 799754
601
1 218329
2 218532
0 219474
602
1 495542
2 495700
0 496635
603
1 1991493
2 1991750
0 1992698
604
1 2024355
2 2024554
0 2025492
14 2024106
605
1 2022437
2 2022615
0 2023550
606
1 1347690
2 1347985
0 1348942
607
1 1940061
2 1940235
0 1941171
14 1925687
608
1 871095
2 871285
0 872223
609
1 1641074
2 1641333
0 1642283
610
1 1882901
2 1883134
0 1884084
611
1 1074022
2 1074250
0 1075195
612
1 1245085
2 1245355
0 1246309
613
1 565149
2 565405
0 566355
614
1 221711
2 221936
0 222879
615
1 1399589
2 1399688
0 1400626
616
1 888390
2 888557
0 889492
617
1 238493
2 238728
0 239674
618
1 992859
2 992996
0 993935
619
1 1882265
0 1883474
620
1 1153659
2 1153822
0 1154756
621
1 1927114
2 1927354
0 1928302
622
1 400531
2 400747
0 401690
623
1 1174331
2 1174582
0 1175533
624
1 2091667
2 2091880
0 2092824
625
1 788801
0 789957
626
1 1236767
2 1236854
0 1237787
627
1 902126
2 902368
0 903321
628
1 1157285
2 1157517
0 1158467
629
1 816802
2 816947
0 817884
630
1 482985
2 483168
0 484103
631
1 1139321
2 1139500
0 1140436
632
1 1623046
2 1623242
0 1624180
633
1 828610
2 828804
0 829747
634
1 93049
2 93234
0 94169
635
1 1088292
2 1088599
0 1089554
636
1 898579
2 898842
0 899796
637
1 609110
2 609264
0 610200
638
1 664151
2 664346
0 665288
639
1 223634
2 223909
0 224864
640
1 529304
2 529517
0 530459
641
1 1512397
2 1512613
0 1513555
642
1 283677
2 283876
0 284815
643
1 1445659
2 1445851
0 1446793
644
1 1512505
2 1512710
0 1513653
645
1 1127468
2 1127640
0 1128576
646
1 1420963
2 1421185
0 1422136
647
1 180832
2 181043
0 181987
648
1 1326638
2 1326910
0 1327865
649
1 1298343
2 1298567
0 1299509
650
1 1361872
0 1363006
651
1 1652929
2 1653084
0 1654022
652
1 1195734
2 1195925
0 1196869
653
1 1290561
2 1290770
0 1291717
654
1 1439767
2 1440004
0 1440954
655
1 597039
2 597356
0 598314
656
1 374040
2 374295
0 375246
657
1 1073524
2 1073736
0 1074677
658
1 1264183
2 1264407
0 1265352
659
1 1750930
2 1751134
0 1752076
660
1 259524
2 259772
0 260725
661
1 601958
2 602293
0 603246
662
1 1423079
2 1422994
0 1424043
14 1453512
663
1 1700376
2 1700572
0 1701514
664
1 246113
2 246294
0 247229
665
1 1729669
2 1729930
0 1730885
666
1 467645
2 467927
0 468885
667
1 452999
2 453243
0 454193
668
1 1280309
0 1281525
669
1 1368687
2 1368963
0 1369917
670
1 1152355
2 1152623
0 1153579
671
1 2026518
2 2026702
0 2027640
672
1 920080
2 920350
0 921303
673
1 1370667
2 1370903
0 1371852
674
1 1342428
2 1342605
0 1343543
675
1 192665
2 192782
0 193720
676
1 512886
2 513086
0 514027
677
1 1429488
0 1430625
678
1 1938159
2 1938383
0 1939330
679
1 1843685
2 1843943
0 1844898
680
1 932502
2 932757
0 933713
681
1 790806
2 791068
0 792021
682
1 638305
2 638578
0 639534
683
1 841138
2 841359
0 842306
684
1 884725
2 884898
0 885832
685
1 1470571
2 1470793
0 1471738
686
1 37044
2 37272
0 38222
687
1 598975
2 599195
0 600142
688
1 757184
0 758377
689
1 1721133
0 1722351
690
1 76292
2 76525
0 77474
691
1 309305
2 309540
0 310488
692
1 217336
0 218520
693
1 283045
2 283221
0 284157
694
1 1858139
0 1859358
695
1 1662818
2 1663039
0 1663984
696
1 1144107
2 1144326
0 1145270
697
1 1246489
2 1246639
0 1247577
698
1 1938339
2 1938510
0 1939440
699
1 1814837
2 1815064
0 1816014
700
1 694242
2 694261
0 695205
701
1 1389754
2 1389854
0 1390793
702
1 919626
2 919818
0 920756
703
1 1091483
0 1092705
704
1 1830957
2 1831106
0 1832045
705
1 899450
2 899652
0 900593
706
1 1765502
2 1765698
0 1766643
707
1 701851
2 702062
0 703004
708
1 847317
2 847517
0 848457
709
1 2016622
2 2016837
0 2017780
710
1 476505
2 476760
0 477712
711
1 1773043
2 1773300
0 1774252
712
1 2067156
2 2067408
0 2068360
713
1 683161
2 683408
0 684361
714
1 192855
2 193087
0 194032
715
1 648350
2 648584
0 649533
716
1 1198502
2 1198773
0 1199731
717
1 755906
2 756120
0 757065
718
1 1475133
2 1475356
0 1476301
719
1 79559
2 79732
0 80668
720
1 1935733
2 1935924
0 1936864
721
1 1606612
2 1606815
0 1607755
722
1 1677037
2 1677284
0 1678233
723
1 1912567
2 1912697
0 1913641
724
1 1917082
2 1917332
0 1918282
725
1 1713824
2 1714011
0 1714950
726
1 14969
2 15158
0 16095
727
1 579785
2 580013
0 580959
728
1 180613
2 180813
0 181752
729
1 80918
2 81195
0 82150
730
1 355793
2 356037
0 356989
731
1 459051
2 459248
0 460191
732
1 1083163
0 1084408
733
1 1529427
2 1529678
0 1530629
734
1 1311020
2 1311154
0 1312095
735
1 1203689
2 1203847
0 1204782
736
1 786459
2 786701
0 787649
737
1 164279
2 164498
0 165443
738
1 1811232
2 1811463
0 1812413
739
1 789378
2 789594
0 790538
740
1 1458011
2 1458227
0 1459172
741
1 878120
2 878390
0 879343
742
1 1113
2 1288
0 2225
743
1 1432290
2 1432481
0 1433421
744
1 1536557
2 1536781
0 1537727
745
1 1051368
2 1051573
0 1052514
746
1 2050197
2 2050386
0 2051326
747
1 725314
2 725572
0 726525
748
1 234160
2 234582
0 235523
749
1 1780822
2 1780984
0 1781919
750
1 504819
0 506025
751
1 336845
2 337023
0 337957
752
1 20717
2 20951
0 21901
753
1 1670002
2 1670231
0 1671177
754
1 1120682
2 1120845
0 1121780
755
1 1517344
2 1517541
0 1518481
756
1 917814
2 918093
0 919049
757
1 1552329
2 1552488
0 1553422
758
1 900530
2 900738
0 901683
759
1 192467
2 192621
0 193552
760
1 1386069
2 1386305
0 1387253
761
1 466761
2 466859
0 467797
762
1 1989858
2 1990099
0 1991046
763
1 112170
2 112354
0 113291
764
1 1075369
2 1075663
0 1076619
765
1 470620
2 470902
0 471858
766
1 1024910
2 1025129
0 1026070
767
1 1262814
2 1263137
0 1264094
768
1 524444
2 524679
0 525632
769
1 1389092
2 1389308
0 1390253
770
1 632413
2 632615
0 633556
771
1 920460
2 920665
0 921607
772
1 1504793
2 1504945
0 1505881
773
1 1911756
2 1911917
0 1912851
774
1 65542
2 65771
0 66718
775
1 1797260
2 1797447
0 1798382
776
1 1548967
2 1549186
0 1550134
777
1 501268
2 501464
0 502403
14 530369
778
1 1506043
2 1506197
0 1507133
779
1 571964
2 572175
0 573117
780
1 277665
2 277966
0 278921
781
1 627814
2 627934
0 628873
782
1 1776856
2 1777033
0 1777971
783
1 240607
2 240736
0 241678
784
1 480871
2 481102
0 482050
785
1 142718
2 142857
0 143794
786
1 791815
2 792059
0 793007
787
1 2031421
0 2032585
788
1 851968
2 852146
0 853082
789
1 112250
2 112373
0 113315
790
1 1511286
2 1511458
0 1512391
791
1 2078615
2 2078843
0 2079786
792
1 680840
2 681063
0 682006
793
1 1055278
2 1055377
0 1056312
794
1 1173957
2 1174192
0 1175137
795
1 1585890
2 1586056
0 1586991
796
1 647166
2 647340
0 648275
797
1 1633264
2 1633485
0 1634428
798
1 923003
2 923187
0 924126
799
1 238327
0 239502
800
1 1736660
2 1736919
0 1737869
801
1 770949
2 771199
0 772150
802
1 1164864
2 1165056
0 1165993
803
1 2069912
2 2070127
0 2071073
804
1 1760477
2 1760699
0 1761647
805
1 590210
2 590433
0 591381
806
1 44980
2 45269
0 46224
807
1 717446
2 717659
0 718603
808
1 484480
2 484709
0 485655
809
1 670119
2 670263
0 671200
810
1 581809
2 582046
0 582995
811
1 1468268
2 1468448
0 1469388
812
1 1769380
2 1769616
0 1770564
813
1 442465
2 442644
0 443581
814
1 1389546
2 1389735
0 1390672
815
1 654956
2 655163
0 656107
816
1 73812
0 74971
817
1 1798924
2 1799168
0 1800118
818
1 1557693
2 1557930
0 1558876
819
1 1768724
2 1768992
0 1769945
820
1 664772
2 664995
0 665944
821
1 1856484
2 1856798
0 1857754
822
1 224134
2 224438
0 225395
823
1 893248
0 894320
824
1 1409220
2 1409460
0 1410410
825
1 1918736
2 1918936
0 1919881
826
1 114646
2 115124
0 116076
827
1 716053
2 716341
0 717297
828
1 515082
2 515247
0 516182
829
1 221965
2 222124
0 223058
830
1 783077
2 783195
0 784135
831
1 1913583
2 1913794
0 1914739
832
1 124569
0 125845
833
1 1853734
2 1854028
0 1854984
834
1 1390811
2 1390979
0 1391915
835
1 1595518
2 1595666
0 1596602
836
1 973990
2 974152
0 975087
837
1 591712
2 591925
0 592866
838
1 1651371
2 1651588
0 1652532
839
1 1237535
2 1237735
0 1238674
840
1 1882936
2 1883147
0 1884089
841
1 1468705
2 1468921
0 1469866
842
1 736426
2 736618
0 737560
843
1 1684369
2 1684472
0 1685408
844
1 185853
2 186007
0 186943
845
1 1234121
2 1234281
0 1235216
846
1 31833
2 31982
0 32920
847
1 1279840
2 1280061
0 1281003
848
1 680549
2 680776
0 681721
849
1 1930959
2 1931228
0 1932187
850
1 1573599
2 1573806
0 1574748
851
1 1183725
0 1184996
852
1 1175504
2 1175609
0 1176543
853
1 599138
2 599307
0 600242
854
1 183508
2 183714
0 184654
855
1 1094127
2 1094426
0 1095382
856
1 824246
2 824427
0 825362
857
1 1456103
0 1457349
858
1 1743228
0 1744293
859
1 766728
2 766942
0 767886
860
1 2009436
0 2010628
861
1 1534900
2 1535113
0 1536055
862
1 1672303
2 1672484
0 1673421
863
1 810724
2 810901
0 811838
864
1 572247
2 572447
0 573389
865
1 660730
2 660940
0 661886
866
1 326983
2 327048
0 327981
867
1 1433755
2 1434081
0 1435032
868
1 2003830
2 2004005
0 2004941
869
1 512905
2 513136
0 514085
870
1 971204
2 971433
0 972385
871
1 814298
2 814591
0 815549
872
1 706704
2 706935
0 707883
873
1 535795
2 535980
0 536918
874
1 927437
2 927557
0 928497
875
1 742015
2 742194
0 743130
876
1 1814577
2 1814783
0 1815723
877
1 1480412
2 1480617
0 1481558
878
1 1822040
2 1822240
0 1823183
879
1 732098
2 732283
0 733221
880
1 1552869
2 1553069
0 1554009
881
1 1279250
2 1279444
0 1280385
882
1 122942
2 123107
0 124043
883
1 2005521
2 2005907
0 2006851
884
1 1227629
2 1227676
0 1228615
885
1 1286545
2 1286960
0 1287903
886
1 586595
2 586818
0 587762
887
1 448835
2 449015
0 449953
888
1 601049
0 602169
889
1 691182
2 691455
0 692405
890
1 1629032
2 1629317
0 1630275
891
1 920187
2 920359
0 921295
892
1 43818
2 44102
0 45056
893
1 53643
2 53807
0 54743
894
1 240466
2 240736
0 241687
895
1 1264115
2 1264359
0 1265312
896
1 774454
2 774688
0 775637
897
1 1449803
2 1450012
0 1450953
898
1 2021925
2 2022151
0 2023100
899
1 1643634
2 1643838
0 1644779
900
1 1234612
2 1234796
0 1235731
901
1 1975879
2 1976008
0 1976949
902
1 546469
2 546633
0 547571
903
1 1667957
2 1668244
0 1669199
904
1 889989
2 890211
0 891155
905
1 1671424
2 1671626
0 1672569
906
1 1204706
2 1204952
0 1205904
907
1 1799561
2 1799777
0 1800720
908
1 1590947
2 1591142
0 1592085
909
1 433055
2 433190
0 434128
910
1 1916687
2 1916905
0 1917855
911
1 155677
2 155917
0 156865
912
1 1027143
2 1027302
0 1028239
913
1 3816
2 4025
0 4966
914
1 1179077
2 1179170
0 1180102
915
1 339132
2 339378
0 340330
916
1 190965
2 191131
0 192070
917
1 1997649
0 1998728
918
1 750485
2 750699
0 751641
919
1 741496
2 741706
0 742647
920
1 251013
2 251200
0 252138
921
1 255264
2 255515
0 256468
922
1 602204
2 602387
0 603324
923
1 1563193
2 1563407
0 1564352
924
1 912669
2 912908
0 913861
925
1 722337
2 722550
0 723496
926
1 1910143
2 1910291
0 1911229
927
1 358088
2 358358
0 359315
928
1 130993
2 131203
0 132145
929
1 255827
2 255992
0 256929
930
1 1610023
2 1610216
0 1611158
931
1 927843
2 927976
0 928917
932
1 1089234
2 1089462
0 1090410
933
1 1930844
2 1930976
0 1931917
934
1 1901623
2 1901857
0 1902808
935
1 1448243
2 1448522
0 1449475
936
1 1488194
2 1488385
0 1489325
937
1 1949595
2 1949778
0 1950714
938
1 2040839
2 2041064
0 2042012
939
0 674593
940
1 931337
2 931501
0 932437
941
1 1880197
2 1880433
0 1881381
942
1 165450
2 165605
0 166539
943
1 1606891
2 1607119
0 1608066
944
1 1920135
2 1920336
0 1921278
945
1 2048540
2 2048753
0 2049696
946
1 1744756
2 1744980
0 1745924
947
1 918023
2 918228
0 919170
948
1 1195021
2 1195259
0 1196206
949
1 24313
2 24459
0 25395
950
1 1329731
2 1329954
0 1330900
951
1 1126657
2 1126821
0 1127760
952
1 886017
2 886176
0 887115
953
1 200707
2 200923
0 201869
954
1 804892
2 805084
0 806025
955
1 1195394
2 1195639
0 1196587
956
1 767589
2 767767
0 768703
957
1 804225
2 804322
0 805259
958
1 569489
2 569964
0 570911
959
1 1996218
2 1996431
0 1997373
960
1 2032907
2 2033072
0 2034007
961
1 1226955
2 1227232
0 1228189
962
1 1979806
2 1980059
0 1981011
963
1 617139
2 617263
0 618206
964
1 1200518
2 1200745
0 1201691
965
1 1689240
2 1689522
0 1690478
966
1 862358
2 862559
0 863501
967
1 2068295
2 2068503
0 2069443
968
1 16339
2 16535
0 17475
14 22514
969
1 1325962
2 1326246
0 1327201
970
1 1427545
2 1427711
0 1428647
971
1 242620
2 242847
0 243795
972
1 610430
2 610616
0 611551
973
1 881890
2 882090
0 883032
974
1 1570665
2 1570871
0 1571810
975
1 1725258
2 1725444
0 1726384
976
1 1137291
0 1138444
977
1 1842308
2 1842537
0 1843481
978
1 897221
2 897430
0 898371
979
1 1597975
2 1598136
0 1599073
980
1 1179713
2 1180364
0 1181310
981
1 703992
2 704184
0 705123
982
1 23092
2 23352
0 24305
983
1 1630727
2 1630947
0 1631892
984
1 2069807
2 2070053
0 2071004
985
1 1714464
2 1714637
0 1715572
986
1 69348
2 69516
0 70451
14 79940
987
1 1324383
2 1324522
0 1325462
988
1 462855
2 463076
0 464021
989
1 2022378
2 2022609
0 2023557
990
1 98907
2 99142
0 100092
991
1 653607
2 653809
0 654751
992
1 1611711
0 1612896
993
1 1721122
2 1721300
0 1722241
994
1 830949
2 831208
0 832164
995
1 406062
2 405700
0 407029
996
1 1829595
2 1829771
0 1830707
997
1 465181
2 465445
0 466398
998
1 1372073
2 1372297
0 1373243
999
1 114797
2 115005
0 115950
