0
1 1909585
2 1909848
0 1910822
1
1 978775
2 979001
0 979969
2
1 234528
2 234723
0 235683
3
1 150223
0 151430
4
1 157347
2 157585
0 158557
5
1 688522
2 688769
0 689741
6
1 36314
2 36469
0 37425
7
1 477038
2 477369
0 478338
8
1 556474
2 556717
0 557689
9
1 1197917
2 1198158
0 1199129
10
1 1472274
2 1472514
0 1473484
11
1 1158099
2 1158416
0 1159390
12
1 4280
2 4499
0 5467
13
1 1692086
2 1692322
0 1693292
14
1 1842696
2 1842951
0 1843924
15
1 1513543
2 1513744
0 1514709
16
1 63507
2 63792
0 64766
17
1 399071
2 399303
0 400274
18
1 1475335
2 1475514
0 1476471
19
1 1327392
2 1327607
0 1328576
20
1 131790
2 132087
0 133062
21
1 779595
2 779848
0 780820
22
1 797861
2 798134
0 799109
23
1 2054073
2 2054256
0 2055212
24
1 767472
2 767755
0 768728
25
1 1561426
2 1561680
0 1562651
26
1 1484184
2 1484443
0 1485415
27
1 1819501
0 1820754
28
1 1645325
2 1645557
0 1646530
29
1 434153
2 434403
0 435375
30
1 147791
2 148041
0 149014
31
1 1571515
0 1572710
32
1 1610452
2 1610685
0 1611657
33
1 1506375
2 1506656
0 1507633
34
1 44731
2 44946
0 45915
35
1 1781957
2 1782547
0 1783516
36
1 1074333
2 1074557
0 1075529
37
1 2047387
2 2047611
0 2048580
38
1 674768
2 675008
0 675979
39
1 1163790
2 1163891
0 1164842
40
1 893883
2 894189
0 895164
41
1 445603
2 445801
0 446763
42
1 1795494
2 1795733
0 1796705
43
1 1702355
2 1702588
0 1703558
44
1 2072341
2 2072582
0 2073555
45
1 1553999
2 1554182
0 1555141
46
1 52013
2 52270
0 53242
47
1 263312
2 263560
0 264535
48
1 1605870
2 1606180
0 1607155
49
1 2067
2 2264
0 3224
50
1 1495404
2 1495656
0 1496627
51
1 721130
2 721354
0 722323
52
1 1239536
2 1239728
0 1240688
53
1 902226
2 902502
0 903476
54
1 372004
2 372213
0 373179
55
1 1558514
2 1558758
0 1559730
56
1 410473
2 410639
0 411594
57
1 1073363
2 1073551
0 1074511
58
1 1540569
2 1540785
0 1541753
59
1 969806
2 969998
0 970960
60
1 277397
2 277588
0 278547
61
1 2062723
2 2062992
0 2063968
62
1 2015819
0 2016999
63
1 1749386
2 1748472
0 1750391
64
1 1965323
2 1965693
0 1966658
65
1 1903707
2 1903905
0 1904868
66
1 1133740
2 1133946
0 1134913
67
1 1100452
2 1100703
0 1101674
68
1 1827451
2 1827670
0 1828639
69
1 733817
2 734019
0 734983
70
1 1691127
2 1691410
0 1692387
71
1 1254659
2 1254842
0 1255802
72
1 10308
2 10557
0 11531
73
1 1927123
2 1927380
0 1928353
74
1 11657
2 11897
0 12867
75
1 786835
2 787081
0 788053
76
1 1046606
2 1046985
0 1047950
77
1 848084
2 848343
0 849318
78
1 226573
2 226761
0 227721
79
1 464517
2 464760
0 465733
80
1 1044205
2 1044455
0 1045432
81
1 1850754
2 1850988
0 1851960
82
1 307749
2 307974
0 308943
83
1 1101399
2 1101771
0 1102737
84
1 1765091
2 1765309
0 1766277
85
1 710576
2 710806
0 711776
86
1 1517962
2 1518205
0 1519176
87
1 788849
2 789068
0 790038
88
1 74033
2 74161
0 75116
89
1 1070011
2 1070249
0 1071219
90
1 1598357
2 1598518
0 1599472
91
1 160895
2 161081
0 162042
92
1 837197
2 837490
0 838466
93
1 1831134
2 1831364
0 1832335
94
1 252371
2 252596
0 253566
95
1 1232496
2 1232503
0 1233489
96
1 734233
2 734478
0 735450
97
1 1492805
2 1492867
0 1493829
98
1 796021
2 796213
0 797175
99
1 1036150
2 1036415
0 1037388
100
1 1942572
2 1942827
0 1943800
1 1966375
101
1 340250
2 340519
0 341492
102
1 88603
2 88767
0 89719
103
1 11890
2 12156
0 13132
104
1 576385
2 576700
0 577672
105
1 1537010
2 1537233
0 1538201
106
1 597663
2 597897
0 598869
107
1 556308
2 556519
0 557486
108
1 1426236
2 1426459
0 1427428
109
1 429004
2 429157
0 430114
110
1 524308
2 524516
0 525479
111
1 1702838
2 1703732
0 1704704
112
1 251332
2 251496
0 252451
113
1 1696448
2 1696673
0 1697646
114
1 1647122
2 1647322
0 1648284
115
1 1383866
0 1385089
116
1 1517538
2 1517745
0 1518709
117
1 1780387
2 1780616
0 1781587
118
1 748701
2 748986
0 749961
119
1 1902708
2 1902927
0 1903896
120
1 1646449
0 1647603
121
1 717934
2 718259
0 719233
122
1 1371788
2 1372106
0 1373080
123
1 207243
2 207485
0 208458
124
1 1038616
2 1038861
0 1039835
125
1 523794
2 524070
0 525045
126
1 1484903
2 1485089
0 1486050
127
1 1058775
2 1058982
0 1059945
128
1 1194397
2 1194623
0 1195595
129
1 1849620
2 1849892
0 1850865
130
1 199849
2 200115
0 201089
131
1 2069558
2 2069785
0 2070756
132
1 651689
2 651926
0 652897
133
1 511437
2 511716
0 512692
134
1 400390
2 400591
0 401552
135
1 1112655
2 1112910
0 1113884
136
1 1110724
2 1111006
0 1111983
137
1 1965517
2 1965803
0 1966780
138
1 1319433
2 1319638
0 1320601
139
1 707300
2 707567
0 708543
140
1 774148
2 774418
0 775390
141
1 1376006
2 1376193
0 1377149
142
1 99088
2 99235
0 100192
143
1 880629
2 880883
0 881857
144
1 1718990
0 1720181
145
1 247883
2 248169
0 249145
146
1 155178
2 155336
0 156293
147
1 1353346
2 1353584
0 1354554
148
1 1623339
2 1623570
0 1624541
149
1 780580
2 780784
0 781749
150
1 851094
2 851299
0 852264
151
1 779370
2 779596
0 780567
152
1 213927
2 214151
0 215120
153
1 1533338
2 1533587
0 1534559
154
1 1054297
0 1055592
155
1 1379843
2 1380074
0 1381044
156
1 1289275
2 1289456
0 1290414
157
1 1862370
2 1862612
0 1863588
158
1 1086249
2 1086519
0 1087492
159
1 54111
2 54304
0 55265
160
1 2070553
2 2070748
0 2071710
161
1 1112864
2 1113107
0 1114078
162
1 1942413
2 1942463
0 1943427
163
1 252778
2 252708
0 253779
164
1 35433
2 35680
0 36655
165
1 425806
2 426035
0 427005
166
1 2012610
2 2012878
0 2013852
167
1 1304781
2 1304958
0 1305916
168
1 775831
0 777065
169
1 193242
2 193471
0 194442
170
1 639647
2 639770
0 640724
171
1 2092918
2 2093111
0 2094071
172
1 1136702
2 1136970
0 1137946
173
1 42064
2 42239
0 43194
174
1 434690
2 434903
0 435871
175
1 1990418
2 1990598
0 1991555
176
1 1803977
2 1804156
0 1805111
177
1 1168870
2 1169155
0 1170130
178
1 761656
2 761867
0 762834
179
1 1258751
2 1258909
0 1259864
14 1246997
180
1 1188126
0 1189332
181
1 395851
2 396106
0 397079
182
1 2568
0 3775
183
1 583816
2 584062
0 585036
184
1 152543
2 152769
0 153737
185
1 17679
2 17939
0 18914
186
1 1284418
2 1284652
0 1285624
187
1 1876029
2 1876224
0 1877185
188
1 969700
2 969924
0 970893
189
1 2085590
2 2085830
0 2086802
190
1 1838591
2 1838848
0 1839821
191
1 1031274
2 1031523
0 1032497
192
1 502154
2 502432
0 503408
193
1 913362
2 913588
0 914558
194
1 561002
2 561292
0 562268
195
1 772999
2 773202
0 774164
196
1 484271
2 484471
0 485434
197
1 670323
2 670542
0 671511
198
1 1134331
2 1134587
0 1135561
199
1 113655
2 113805
0 114763
200
1 1472629
2 1472847
0 1473816
201
1 809794
2 809923
0 810880
202
1 1423540
2 1423782
0 1424756
203
1 775090
2 775326
0 776298
204
1 94443
2 94651
0 95617
205
1 1208668
2 1208920
0 1209891
206
1 567497
2 567712
0 568679
207
1 738432
2 738659
0 739628
208
1 1907248
2 1907431
0 1908388
209
1 1861261
2 1861547
0 1862523
210
1 460523
2 460718
0 461681
211
1 1436630
2 1436895
0 1437870
212
1 1245034
0 1246259
213
1 2095214
2 2095424
0 2096389
214
1 280717
2 280947
0 281918
215
1 163938
2 164178
0 165150
216
1 363384
2 363538
0 364493
217
1 1261006
2 1261278
0 1262253
218
1 280448
2 280764
0 281736
219
1 1489662
2 1489874
0 1490841
220
1 441319
2 441497
0 442452
221
1 1773676
2 1773828
0 1774786
222
1 1441972
2 1442145
0 1443101
223
1 1243468
2 1243689
0 1244657
224
1 939207
2 939421
0 940388
225
1 1753869
2 1754096
0 1755067
226
1 1616449
2 1616659
0 1617627
227
1 1346207
2 1346482
0 1347457
228
1 523582
2 523817
0 524789
229
1 152228
2 152438
0 153404
230
1 877007
2 877392
0 878358
231
1 18112
0 19342
232
1 560671
2 560945
0 561920
233
1 1300778
2 1300993
0 1301962
234
1 1158909
2 1158978
0 1159936
235
1 621388
2 622001
0 622970
236
1 1346029
2 1346217
0 1347177
14 1351865
237
1 1138768
2 1139002
0 1139974
238
1 1700107
2 1700343
0 1701316
239
1 2056066
2 2056275
0 2057238
240
1 1852131
2 1852344
0 1853313
241
1 1581519
2 1581880
0 1582846
242
1 1296370
2 1296592
0 1297560
243
1 133653
2 133907
0 134882
244
1 408006
2 408286
0 409261
245
1 745435
2 745674
0 746644
246
1 1668719
2 1668950
0 1669922
247
1 1633430
2 1633517
0 1634469
248
1 1650480
2 1650672
0 1651636
249
1 715717
2 715811
0 716761
250
1 352967
2 353177
0 354145
251
1 904818
2 905075
0 906051
252
1 1794645
2 1794879
0 1795852
253
1 667488
2 667479
0 668453
254
1 102386
2 102635
0 103605
255
1 745946
2 746227
0 747204
256
1 810835
2 811026
0 811986
257
1 34443
2 34719
0 35693
258
1 1359183
2 1359474
0 1360451
259
1 1822550
2 1822806
0 1823778
260
1 2040463
2 2040664
0 2041628
261
1 1810167
2 1810409
0 1811382
262
1 1387634
2 1387758
0 1388715
263
1 1094803
2 1095054
0 1096028
264
1 1907165
2 1907408
0 1908380
265
0 1275325
2 1273721
266
1 1267627
2 1267819
0 1268777
267
1 1809837
2 1810126
0 1811103
268
1 94047
2 94297
0 95269
269
1 1312795
2 1313038
0 1314009
270
1 851733
2 851965
0 852935
271
1 1266386
2 1266617
0 1267589
272
1 182107
2 182319
0 183285
273
1 1770073
2 1770253
0 1771209
274
1 906438
2 906714
0 907689
275
1 1437372
2 1437569
0 1438533
276
1 429780
2 430077
0 431052
277
1 387533
2 387773
0 388745
278
1 1631832
2 1632058
0 1633029
279
1 1753877
2 1754094
0 1755062
280
1 843415
2 843657
0 844630
281
1 1490297
2 1490535
0 1491505
282
1 1959162
2 1959364
0 1960328
283
1 1432530
2 1432768
0 1433740
284
1 745281
2 745510
0 746480
285
1 12675
2 12844
0 13799
286
1 1955586
2 1955753
0 1956708
287
1 1678277
2 1678419
0 1679376
288
1 2016864
2 2017097
0 2018069
289
1 2047088
2 2047342
0 2048314
290
1 909917
2 910143
0 911114
291
1 596080
2 596280
0 597243
292
1 1208554
2 1208790
0 1209762
293
1 14644
2 14982
0 15952
294
1 1610951
2 1611245
0 1612222
295
1 429640
2 429854
0 430820
296
1 49679
0 50857
297
1 1718122
2 1718323
0 1719287
298
1 1665431
2 1665693
0 1666668
299
1 442483
2 442756
0 443731
300
1 883033
2 883410
0 884375
301
1 187680
2 187867
0 188826
302
1 864549
2 864723
0 865678
303
1 1604543
2 1604751
0 1605714
304
1 385066
2 385274
0 386238
305
1 122572
2 122835
0 123811
306
1 1959549
2 1959829
0 1960806
307
1 246609
2 246763
0 247720
308
1 1070186
2 1070381
0 1071346
309
1 1163869
2 1164201
0 1165174
310
1 1351363
2 1351526
0 1352481
311
1 650596
2 650715
0 651671
312
1 456340
2 456585
0 457558
313
1 727335
2 727613
0 728588
314
1 1751262
2 1751520
0 1752490
14 1749589
315
1 514153
2 514397
0 515371
316
1 1749476
2 1749781
0 1750756
317
1 263890
2 264214
0 265188
318
1 1747453
2 1747693
0 1748664
319
1 1595059
2 1595293
0 1596264
320
1 632107
2 632340
0 633310
321
1 664735
2 664919
0 665880
322
1 1198443
2 1198589
0 1199547
323
1 1564424
2 1564653
0 1565625
324
1 656808
0 657987
325
1 516382
2 516617
0 517589
326
1 736741
2 736959
0 737927
327
1 1399406
2 1399654
0 1400627
328
1 540122
2 540486
0 541455
329
1 737472
2 737671
0 738636
330
1 2050172
2 2050366
0 2051327
331
1 1510442
2 1510637
0 1511599
332
1 640457
2 640704
0 641676
333
1 1110326
2 1110763
0 1111729
334
1 211342
2 211583
0 212555
335
1 20689
2 20871
0 21829
336
1 1962741
2 1962973
0 1963947
337
1 111610
2 111905
0 112882
338
1 1687228
2 1687402
0 1688359
339
1 193123
2 193352
0 194325
340
1 1598121
2 1598305
0 1599264
341
1 1194553
2 1194748
0 1195709
342
1 1690327
2 1690528
0 1691494
343
1 1938871
2 1939096
0 1940068
344
1 69468
2 69708
0 70678
345
1 134316
2 134527
0 135494
346
1 1061708
2 1062084
0 1063048
347
1 276558
2 276803
0 277775
348
1 562167
2 562303
0 563259
349
1 1961565
2 1961739
0 1962695
350
1 1082517
2 1082650
0 1083607
351
1 1042578
2 1042793
0 1043763
352
1 436702
2 436919
0 437886
353
1 1996262
2 1996443
0 1997400
354
1 792376
2 792591
0 793558
355
1 1369287
2 1369496
0 1370465
356
1 1493548
2 1493812
0 1494787
357
1 1596194
2 1596426
0 1597398
358
1 477995
2 478236
0 479207
359
1 1607935
2 1608187
0 1609162
360
1 1020047
2 1020276
0 1021249
361
1 1204844
2 1205107
0 1206082
362
1 193587
2 193797
0 194765
363
1 224367
2 224560
0 225522
364
1 1958130
2 1958353
0 1959322
365
1 468706
2 468952
0 469928
366
1 967421
2 967647
0 968619
367
1 161072
2 161305
0 162277
368
1 585839
0 586967
369
1 1566395
2 1566600
0 1567566
370
1 1715128
2 1715359
0 1716332
371
1 608906
2 609148
0 610120
372
1 1023356
2 1023551
0 1024512
373
1 474982
2 475242
0 476213
374
1 1436803
2 1437083
0 1438057
375
1 1282417
2 1282949
0 1283921
376
1 201975
2 202265
0 203243
377
1 1057110
2 1057368
0 1058341
378
1 16223
2 16492
0 17467
379
1 33748
2 33918
0 34873
380
1 571970
2 572209
0 573181
381
1 647508
2 647602
0 648554
382
1 143525
2 143757
0 144728
383
1 629151
2 629407
0 630382
384
1 869857
2 870187
0 871157
385
1 261242
0 262395
386
1 858070
2 858247
0 859204
387
1 1186991
2 1187206
0 1188176
388
1 796475
2 796718
0 797690
389
1 366268
2 366633
0 367598
390
1 577352
2 577585
0 578557
391
1 11344
2 11590
0 12563
392
1 493426
2 493680
0 494653
393
1 1740870
2 1741043
0 1741999
394
1 1527209
2 1527397
0 1528357
395
1 1674137
2 1674350
0 1675317
396
1 1341331
2 1341607
0 1342581
397
1 1843792
2 1844015
0 1844987
398
1 1605996
2 1606221
0 1607191
399
1 1558737
2 1558936
0 1559899
400
1 501625
0 502876
401
1 967774
2 968043
0 969018
402
1 947778
2 948093
0 949069
403
1 1327699
2 1327898
0 1328862
404
1 2016513
2 2016679
0 2017635
405
1 1493082
2 1493300
0 1494270
406
1 463560
2 463797
0 464770
407
1 216798
2 217019
0 217989
408
1 86544
2 86752
0 87717
409
1 1108835
2 1109017
0 1109974
410
1 735657
2 735882
0 736852
411
1 396229
2 396485
0 397457
412
1 1688412
2 1688658
0 1689629
413
1 1998101
2 1998477
0 1999444
414
1 715859
2 716128
0 717105
415
1 598208
2 598479
0 599454
416
1 391931
2 392131
0 393097
417
1 1556347
2 1556568
0 1557536
418
1 1624064
2 1624304
0 1625276
419
1 147568
2 147794
0 148764
420
1 595935
2 596125
0 597084
421
1 736565
2 736765
0 737730
422
1 942962
2 943216
0 944189
423
1 401632
2 401805
0 402762
424
1 772506
2 772690
0 773650
425
1 1530898
2 1531101
0 1532063
426
1 408617
2 408831
0 409801
427
1 1397612
2 1397963
0 1398932
428
1 1626596
2 1626664
0 1627622
429
1 929970
2 930211
0 931185
430
1 2017083
2 2017290
0 2018256
431
1 1954679
2 1954946
0 1955922
432
1 1166176
2 1166208
0 1167173
433
1 1664537
2 1664692
0 1665648
434
1 1514414
2 1514719
0 1515696
435
1 740135
2 740381
0 741353
436
1 1037045
2 1037260
0 1038229
437
1 214539
2 214820
0 215797
438
1 1425685
2 1425938
0 1426912
439
1 197734
2 197901
0 198857
440
1 991072
2 991300
0 992272
441
1 260650
2 260903
0 261875
442
1 2045139
2 2045313
0 2046270
443
1 214019
2 214262
0 215233
444
1 662096
2 662331
0 663303
445
1 562397
2 562628
0 563597
446
1 1890938
2 1891199
0 1892172
447
1 874531
2 874748
0 875716
448
1 449179
2 449396
0 450365
449
1 1129760
2 1129988
0 1130959
450
1 2040565
2 2040835
0 2041811
451
1 1814486
2 1814741
0 1815717
14 1846008
452
1 1761058
2 1761325
0 1762298
453
1 880940
2 881240
0 882215
454
1 1541111
2 1541273
0 1542230
455
1 1438440
2 1438595
0 1439551
456
1 2015184
2 2015342
0 2016297
457
1 1001605
2 1001690
0 1002642
458
1 441382
2 441633
0 442605
459
1 2007150
2 2007325
0 2008281
460
1 169554
2 169793
0 170765
461
1 380970
2 381236
0 382211
462
1 269665
2 269579
0 270671
463
1 1476181
0 1477406
464
1 1542518
2 1542672
0 1543629
465
1 549444
2 549644
0 550609
466
1 1483580
2 1483833
0 1484804
467
1 755882
2 756142
0 757117
468
1 1151776
2 1152025
0 1152997
469
1 1244243
2 1244424
0 1245381
470
1 1969436
2 1969653
0 1970625
471
1 261651
2 261820
0 262775
472
1 1275032
2 1275231
0 1276194
473
1 1740134
2 1740402
0 1741376
474
1 1509460
2 1509685
0 1510656
475
1 1119448
2 1119548
0 1120500
476
1 928013
2 928578
0 929549
477
1 1251987
2 1252198
0 1253165
478
1 938405
0 939604
479
1 869715
2 869920
0 870884
480
1 428480
2 428699
0 429668
481
1 2018687
2 2018985
0 2019961
482
1 176530
2 176788
0 177763
483
1 144310
2 144491
0 145446
484
1 103437
2 103671
0 104645
485
1 455088
2 455205
0 456161
486
1 428349
2 428533
0 429493
487
1 1805052
2 1805155
0 1806108
488
1 1574963
2 1575120
0 1576077
489
1 1720625
2 1720797
0 1721751
490
1 1353374
2 1353596
0 1354567
491
1 1722388
2 1722731
0 1723702
492
1 1235370
2 1235636
0 1236611
493
1 839634
2 839836
0 840801
494
1 4426
2 4664
0 5635
495
1 1535237
2 1535529
0 1536505
496
1 1244681
2 1244951
0 1245927
497
1 817371
2 817583
0 818553
498
0 452578
2 451457
499
1 806074
2 806286
0 807254
500
1 2074010
2 2074281
0 2075257
501
1 997226
2 997382
0 998339
502
1 1892725
2 1892901
0 1893860
503
1 1141089
2 1141337
0 1142309
504
1 123435
2 123678
0 124650
505
1 1047001
0 1048211
506
1 1534057
2 1534241
0 1535200
507
1 354010
2 354158
0 355116
508
1 1401601
2 1401901
0 1402877
509
1 166523
2 166756
0 167729
510
1 1864611
2 1864839
0 1865812
511
1 1131575
2 1131834
0 1132809
512
1 98871
2 99074
0 100039
513
1 1937341
2 1937565
0 1938534
514
1 353348
2 353620
0 354593
515
1 1583361
0 1584505
516
1 1031150
2 1031442
0 1032419
517
1 1705996
2 1706203
0 1707167
518
1 501396
2 501695
0 502673
519
1 646977
2 647252
0 648226
520
1 415012
2 415317
0 416292
521
1 484753
2 485002
0 485976
522
1 926872
2 927106
0 928080
523
1 1934119
2 1934354
0 1935324
524
0 980987
2 979360
525
1 737029
0 738176
526
1 1247545
2 1247746
0 1248712
527
1 2075593
2 2075861
0 2076837
528
1 1896162
2 1896406
0 1897379
529
1 1861958
2 1862173
0 1863141
530
1 281843
2 282147
0 283123
531
1 304860
2 305136
0 306113
532
1 402153
2 402361
0 403328
533
1 1868102
2 1868319
0 1869286
534
1 140484
2 140632
0 141589
535
1 1348618
2 1348855
0 1349825
536
1 1020716
2 1020940
0 1021911
537
1 1828001
2 1828266
0 1829242
538
1 396861
2 396993
0 397953
539
1 672209
2 672448
0 673419
540
1 2031892
2 2032173
0 2033148
541
1 607633
2 607844
0 608811
542
1 1677133
2 1677335
0 1678299
543
1 1069932
2 1070107
0 1071063
544
1 123311
2 123573
0 124547
545
1 531991
2 532252
0 533229
546
1 917682
2 917935
0 918910
547
1 206972
2 207285
0 208259
548
1 1478196
2 1478395
0 1479359
549
1 1919631
2 1920040
0 1921002
550
1 977427
2 977643
0 978612
551
1 252635
2 252883
0 253856
552
1 1029244
2 1029417
0 1030374
553
1 909255
2 909497
0 910468
554
1 1713060
2 1713293
0 1714265
555
1 376756
2 377018
0 377992
556
1 1729099
2 1729318
0 1730288
557
1 1937511
2 1937729
0 1938699
558
1 1827959
2 1828118
0 1829073
559
1 603825
0 605126
560
1 1103640
2 1103900
0 1104873
561
1 178741
2 178925
0 179883
562
1 1116075
2 1116340
0 1117314
563
1 598962
2 599211
0 600186
564
1 368056
2 368330
0 369304
565
1 175015
2 175266
0 176238
566
1 135900
2 136096
0 137058
567
1 1622792
0 1624007
568
1 936205
0 937401
569
1 463283
2 463525
0 464498
570
1 379096
2 379310
0 380279
571
1 398330
2 398664
0 399635
572
1 479516
2 479637
0 480594
573
1 894275
2 894521
0 895494
574
1 340127
2 340379
0 341353
575
1 816692
2 816958
0 817932
576
1 456175
2 456376
0 457339
577
1 1762871
2 1763043
0 1763998
578
1 991791
2 992010
0 992980
579
1 2050143
2 2050391
0 2051364
580
1 1740299
2 1740556
0 1741531
581
1 1103560
2 1103817
0 1104793
582
1 1249329
2 1249673
0 1250643
583
1 557841
2 558049
0 559016
584
1 534055
0 535254
585
1 1811583
2 1811882
0 1812858
586
1 1064152
2 1064386
0 1065359
587
1 259742
2 259971
0 260944
588
1 1759398
2 1759673
0 1760649
589
1 2026942
2 2027113
0 2028067
590
1 1080955
2 1081144
0 1082107
591
1 2070901
0 2072155
592
1 135210
2 135427
0 136395
593
1 759537
2 759792
0 760765
594
1 1828541
2 1828802
0 1829775
595
1 579466
2 579674
0 580640
596
1 1866715
2 1866973
0 1867946
597
1 278766
2 278864
0 279817
598
1 1600724
2 1600897
0 1601854
599
1 616023
2 616267
0 617239
600
1 747312
2 747685
0 748651
601
1 557274
2 557464
0 558425
602
1 766109
2 766335
0 767308
603
1 784507
2 784707
0 785670
604
1 1694992
2 1695233
0 1696207
605
1 1405020
2 1405218
0 1406182
606
1 1821946
2 1822192
0 1823165
607
1 2070414
2 2070690
0 2071666
608
1 1159003
2 1159226
0 1160195
609
1 1189582
2 1189853
0 1190831
610
1 1248373
2 1248544
0 1249499
611
1 1991108
2 1991303
0 1992267
612
1 14063
2 14334
0 15309
613
1 1150517
2 1150712
0 1151673
614
1 125271
2 125448
0 126406
615
1 2000781
2 2001036
0 2002011
616
1 1352865
2 1353127
0 1354101
617
1 527849
2 528109
0 529083
618
1 633691
2 633884
0 634846
619
1 768668
2 768933
0 769909
620
1 295064
2 295300
0 296272
621
1 489409
2 489661
0 490635
622
1 469153
2 469361
0 470329
623
1 693237
2 693437
0 694400
624
1 1000614
2 1000817
0 1001780
625
1 138472
2 138708
0 139678
626
1 346589
2 346852
0 347827
627
1 552256
2 552560
0 553536
628
1 1474729
2 1474998
0 1475974
629
1 562075
2 562362
0 563339
630
1 2091827
2 2092103
0 2093079
631
1 1355486
2 1355711
0 1356682
632
1 1171924
2 1172111
0 1173071
633
1 468569
0 469736
634
1 2077539
2 2077774
0 2078745
635
1 728992
2 729254
0 730228
636
1 1903281
2 1903451
0 1904405
637
1 8808
2 9066
0 10039
638
1 244853
2 245022
0 245978
639
1 1522717
2 1522969
0 1523943
640
1 234346
2 234534
0 235495
641
1 1823067
2 1823309
0 1824281
642
1 132161
2 132343
0 133301
643
1 404421
2 404656
0 405628
644
1 1862428
2 1862662
0 1863635
645
1 810917
2 811062
0 812021
646
1 1239010
2 1239256
0 1240226
647
1 32550
2 32729
0 33688
648
0 965598
2 963956
649
1 1632689
2 1632933
0 1633906
650
1 1321146
2 1321390
0 1322363
651
1 899530
2 899841
0 900818
652
1 195108
2 195373
0 196350
653
1 1561634
2 1561797
0 1562752
654
1 1048408
2 1048637
0 1049607
655
1 820560
2 820832
0 821807
656
1 1143154
2 1143415
0 1144390
657
1 711095
2 711324
0 712297
658
1 179327
2 179597
0 180572
659
1 1049903
2 1050144
0 1051117
660
1 181007
0 182184
661
1 119812
2 119880
0 120838
662
1 1312243
2 1312478
0 1313448
663
1 1856491
2 1856735
0 1857707
664
1 109731
2 109935
0 110900
665
1 1829544
2 1829759
0 1830727
666
1 384370
2 384990
0 385963
667
1 1828850
0 1830015
668
1 1951254
2 1951512
0 1952485
669
1 583990
2 584287
0 585264
670
1 531684
2 531953
0 532930
671
1 969982
2 970279
0 971257
672
1 2005500
2 2005724
0 2006695
673
1 1197607
2 1197801
0 1198764
674
1 1873791
2 1874069
0 1875044
675
1 23350
2 23632
0 24608
14 13322
676
1 338836
2 339008
0 339963
677
1 1473369
2 1473568
0 1474530
678
1 676815
2 677101
0 678077
679
1 1069390
2 1069635
0 1070609
680
1 818972
2 819232
0 820208
681
1 1414744
2 1414968
0 1415939
682
1 121936
2 122195
0 123169
683
1 482506
2 482731
0 483703
684
1 1957693
2 1957963
0 1958937
685
1 218420
2 218649
0 219622
686
1 774514
2 774789
0 775767
687
1 135843
2 136134
0 137111
688
1 1092603
2 1092855
0 1093829
689
1 1524733
2 1524941
0 1525904
690
1 421361
2 421624
0 422600
691
1 730156
2 730398
0 731372
692
1 1042299
0 1043494
693
1 603997
2 604208
0 605175
694
1 1787972
2 1788243
0 1789218
695
1 956469
0 957705
696
1 2061059
2 2061315
0 2062288
697
1 220185
2 220429
0 221402
698
1 1452847
0 1454074
699
1 1461166
2 1461409
0 1462382
700
1 797496
2 797694
0 798658
701
1 1834022
2 1834201
0 1835160
702
1 299466
2 299687
0 300658
703
1 1293427
2 1293619
0 1294579
704
1 831031
2 831129
0 832082
705
1 1286003
2 1286302
0 1287278
706
1 612259
2 612538
0 613512
707
1 689083
2 689357
0 690333
708
1 1095269
2 1095511
0 1096484
709
1 1454757
2 1454898
0 1455856
710
1 2093425
2 2093697
0 2094673
711
1 359376
2 359618
0 360589
712
1 686403
2 686669
0 687644
713
1 374012
2 374253
0 375226
714
1 1297383
2 1297619
0 1298589
715
1 591298
2 591499
0 592464
716
1 759585
2 759781
0 760747
717
1 1040824
2 1041042
0 1042012
718
1 783591
2 783884
0 784860
719
1 1905252
2 1905405
0 1906363
720
1 718626
2 718889
0 719863
721
1 320176
0 321399
722
1 606747
2 607002
0 607975
723
1 915841
2 916033
0 916995
724
1 2083098
2 2083379
0 2084354
725
1 351933
2 352106
0 353061
726
1 204052
2 204273
0 205245
727
1 2089144
2 2089387
0 2090361
728
1 301768
2 302038
0 303017
729
1 1006742
2 1007013
0 1007989
730
1 1692594
2 1692737
0 1693694
731
1 1251360
2 1251495
0 1252454
732
1 847722
2 847926
0 848890
733
1 230862
2 231153
0 232131
734
1 1811086
2 1811305
0 1812275
735
1 196384
2 196596
0 197564
736
1 896374
2 896604
0 897576
737
1 321925
2 322215
0 323190
738
1 1089330
2 1089534
0 1090499
739
1 1944231
2 1944462
0 1945435
740
1 480254
2 480484
0 481456
741
1 2064476
2 2064619
0 2065578
742
1 1705529
2 1705721
0 1706683
743
1 532447
2 532743
0 533719
744
1 291462
2 291686
0 292657
745
1 559216
2 559416
0 560380
746
1 891459
2 891693
0 892665
747
1 989021
2 989215
0 990177
748
1 1922172
2 1922387
0 1923356
749
1 589305
2 589579
0 590554
750
1 397240
2 397473
0 398444
751
1 609903
2 610176
0 611155
752
1 1366115
2 1366315
0 1367277
753
1 377479
2 377683
0 378647
754
1 1947915
2 1948082
0 1949039
755
1 1928949
2 1929228
0 1930203
756
1 1374715
2 1374952
0 1375924
757
1 720379
0 721615
758
1 643950
2 644254
0 645231
759
1 2082309
2 2082547
0 2083520
760
1 1104007
2 1104202
0 1105165
761
1 1398835
2 1399049
0 1400019
762
1 1323153
2 1323388
0 1324361
763
1 27202
2 27418
0 28388
764
1 1177239
2 1177499
0 1178473
765
1 1720315
2 1720463
0 1721422
766
1 2009205
2 2009426
0 2010394
767
1 370074
2 370329
0 371304
768
1 354568
2 354797
0 355769
769
1 2063243
2 2063505
0 2064479
770
1 123747
2 123983
0 124953
771
1 1867279
2 1867453
0 1868410
772
1 993843
2 994120
0 995095
773
1 1226823
2 1227038
0 1228008
774
1 676124
2 676375
0 677349
775
1 394017
2 394260
0 395233
776
1 447194
2 447457
0 448436
777
1 680159
2 680357
0 681320
778
1 547185
2 548183
0 549159
779
1 1069012
2 1069276
0 1070249
780
1 1935802
2 1935976
0 1936931
781
1 1504281
2 1504546
0 1505520
782
1 1743049
2 1743341
0 1744320
783
1 737069
2 737271
0 738235
784
1 730473
2 730647
0 731604
785
1 1147154
2 1147376
0 1148347
786
1 28065
2 28322
0 29296
787
1 1512603
2 1512837
0 1513808
788
1 866627
2 866901
0 867876
789
1 859020
2 859227
0 860191
790
1 1930820
2 1931123
0 1932099
791
1 208923
2 209155
0 210127
792
1 921342
2 921569
0 922542
793
1 448374
2 448531
0 449488
794
1 91599
2 91805
0 92769
795
1 1975084
2 1975333
0 1976304
796
1 2063799
2 2064030
0 2065003
797
1 366523
2 366753
0 367722
798
1 486363
2 486546
0 487504
799
1 1804146
0 1805394
800
1 427239
2 427399
0 428355
801
1 282542
2 282757
0 283726
802
1 392179
2 392447
0 393423
803
1 1273380
2 1273601
0 1274572
804
1 1200239
2 1200475
0 1201447
805
1 1783175
2 1783440
0 1784416
806
1 1448197
2 1448436
0 1449408
807
1 218131
2 218301
0 219256
808
1 434013
2 434427
0 435390
809
1 686465
2 686703
0 687676
810
1 1171211
2 1171338
0 1172295
811
1 1860517
2 1860842
0 1861814
812
1 894158
2 894497
0 895467
813
1 1706696
2 1706917
0 1707888
814
1 1003791
2 1004055
0 1005029
815
1 658436
2 658706
0 659683
816
1 1191123
2 1191229
0 1192184
817
1 1165936
2 1166216
0 1167195
818
1 1342607
2 1342823
0 1343793
819
1 1992506
2 1992758
0 1993730
820
1 1245943
2 1246130
0 1247092
821
1 1029290
2 1029491
0 1030457
822
1 1723611
2 1723785
0 1724741
823
1 1511532
2 1511773
0 1512747
824
1 2078380
2 2078516
0 2079475
825
1 1943524
2 1942907
0 1944534
826
1 1682533
2 1682772
0 1683746
827
1 290254
2 290509
0 291481
828
1 1396208
2 1396447
0 1397421
829
1 1649645
2 1649835
0 1650795
830
1 35656
2 35878
0 36848
831
1 211924
2 211915
0 212918
832
1 388091
2 388413
0 389387
833
1 555712
2 555952
0 556925
834
1 506887
2 506773
0 507892
835
1 42162
2 42649
0 43621
836
1 1559723
2 1559951
0 1560923
837
1 1299680
2 1299908
0 1300879
838
1 184742
2 184955
0 185924
839
1 544655
2 544839
0 545796
840
1 132781
2 132985
0 133951
841
1 1061840
2 1062074
0 1063044
842
1 443370
0 444498
843
1 854792
2 854960
0 855914
844
1 393413
2 393645
0 394618
845
1 259777
2 259989
0 260960
846
1 2090953
2 2091216
0 2092188
847
1 315701
2 315891
0 316853
848
1 44612
2 44808
0 45770
849
1 358794
2 358986
0 359947
850
1 1641583
2 1641812
0 1642784
851
1 2068429
2 2068580
0 2069536
852
1 2002303
2 2002574
0 2003549
853
1 2039469
2 2039716
0 2040690
854
1 1762807
2 1763157
0 1764127
855
1 1892638
2 1892960
0 1893934
856
1 1324442
2 1324701
0 1325675
857
1 1304707
2 1304955
0 1305931
858
1 934569
2 934798
0 935771
859
1 239986
2 240305
0 241281
860
1 161981
2 162205
0 163177
861
1 300486
2 300615
0 301572
862
1 238724
2 238944
0 239914
863
1 620642
2 620834
0 621798
864
1 1362572
0 1363768
865
0 1254089
2 1252499
866
1 1465164
2 1465342
0 1466301
867
1 2018554
2 2018808
0 2019782
868
1 1260729
0 1261882
869
1 1241332
2 1241516
0 1242475
870
1 694682
2 695012
0 695984
871
1 1287299
2 1287365
0 1288324
872
1 2088028
2 2088272
0 2089246
873
1 612832
2 613019
0 613980
874
1 1645816
2 1646009
0 1646970
875
1 1793628
2 1793846
0 1794816
876
1 257155
2 257406
0 258380
877
1 731831
2 732053
0 733025
878
1 1958035
0 1959287
879
1 1330929
2 1331109
0 1332070
880
1 599804
2 600006
0 600971
881
1 408091
2 408284
0 409247
882
1 854133
2 854419
0 855397
883
1 1190453
2 1190721
0 1191697
884
1 322036
2 322209
0 323165
885
1 1062363
2 1062569
0 1063535
886
1 288892
2 289088
0 290049
887
1 1979111
2 1979297
0 1980258
888
1 1487729
2 1487971
0 1488943
889
1 170687
2 170917
0 171891
890
1 1254834
2 1255097
0 1256074
891
1 224392
2 224599
0 225564
892
1 1175025
2 1175024
0 1176015
893
1 1183579
2 1183850
0 1184826
894
1 1274590
2 1274826
0 1275797
895
1 1353061
2 1353288
0 1354261
896
1 1867146
2 1867429
0 1868407
897
1 973364
2 973564
0 974528
898
1 1920642
2 1920824
0 1921785
899
1 1607343
2 1607634
0 1608611
900
1 1015135
2 1015316
0 1016275
901
1 971037
2 971284
0 972258
902
1 1174073
2 1174425
0 1175394
903
1 125761
2 125980
0 126949
904
1 1570229
2 1570442
0 1571411
905
1 2061562
2 2061794
0 2062766
906
1 64135
2 64328
0 65290
907
1 2019119
2 2019335
0 2020304
908
1 1518288
2 1518518
0 1519490
909
1 111037
2 111288
0 112261
910
1 755184
2 755389
0 756355
911
1 1826738
2 1827025
0 1828002
912
1 650717
2 650929
0 651897
913
1 1683622
2 1683851
0 1684823
914
1 843479
2 843709
0 844681
915
1 530834
0 531983
916
1 71224
2 71486
0 72461
917
1 720841
2 721102
0 722076
918
1 1350706
2 1350976
0 1351952
919
1 914872
2 915061
0 916021
920
1 1164059
2 1164251
0 1165213
921
1 1267158
2 1267420
0 1268395
922
1 1528058
2 1528399
0 1529369
923
1 918923
2 919169
0 920143
924
1 1047740
2 1047960
0 1048931
925
1 1695403
2 1695590
0 1696546
926
1 1930844
2 1931079
0 1932050
927
1 2002639
2 2002892
0 2003868
928
1 563569
2 563737
0 564695
929
1 2060808
2 2061075
0 2062053
930
1 1523822
2 1523986
0 1524943
931
1 205856
2 206067
0 207036
932
1 403803
2 404010
0 404975
933
1 330182
2 330456
0 331432
934
1 1757221
2 1757492
0 1758469
935
1 1016163
2 1016357
0 1017321
936
1 739837
2 740093
0 741068
937
1 1446118
2 1446362
0 1447335
938
1 563987
2 564166
0 565123
939
1 1297658
2 1297936
0 1298912
940
1 1931967
2 1932248
0 1933227
941
1 429623
2 429848
0 430820
942
1 399173
2 399389
0 400359
943
1 1424874
2 1425110
0 1426082
944
1 1512040
2 1512366
0 1513340
945
1 1237344
2 1237612
0 1238587
946
1 1192249
2 1192493
0 1193465
947
1 14672
2 14956
0 15933
948
1 2017550
2 2017742
0 2018704
949
1 837744
2 837966
0 838936
950
1 1587209
2 1587432
0 1588402
951
1 312760
2 312991
0 313963
952
1 1428133
2 1428341
0 1429307
953
1 891291
2 891545
0 892519
954
1 710783
2 710988
0 711952
955
1 721139
2 721303
0 722259
956
1 1856838
2 1857081
0 1858053
957
1 760750
2 760979
0 761951
958
1 1073340
2 1073624
0 1074601
959
1 1148472
2 1148702
0 1149674
960
1 1897926
2 1898092
0 1899047
961
1 815981
2 816254
0 817227
962
1 1285771
2 1286048
0 1287026
963
1 887739
0 888891
964
1 1727495
2 1727634
0 1728592
965
1 1151491
2 1151634
0 1152592
966
1 284868
2 285090
0 286060
967
1 1030577
2 1030793
0 1031763
968
1 1229107
2 1229373
0 1230350
969
1 1235033
2 1235211
0 1236167
970
1 1334113
2 1334395
0 1335370
971
1 621682
2 621814
0 622770
972
1 2041914
2 2042238
0 2043211
973
1 1605037
2 1605177
0 1606135
974
1 1159233
2 1159434
0 1160398
975
1 2078938
2 2079155
0 2080126
976
1 836943
2 837127
0 838086
977
1 361115
2 361365
0 362338
978
1 1990754
2 1990992
0 1991966
979
1 862199
2 862379
0 863335
980
1 1160990
2 1161219
0 1162192
981
1 137377
0 138490
982
1 536812
2 536995
0 537955
983
1 1703269
2 1703516
0 1704490
984
1 226983
2 227189
0 228156
985
1 460190
2 460406
0 461378
986
1 234243
2 234533
0 235511
987
1 135566
2 135775
0 136741
988
1 1018537
2 1018738
0 1019702
989
1 1354292
2 1354744
0 1355496
990
1 1899777
2 1899940
0 1900897
991
1 1052081
2 1052333
0 1053309
992
1 879452
0 880641
993
1 168523
2 168797
0 169773
994
1 424888
2 425146
0 426120
995
1 980920
2 981071
0 982027
996
1 1911458
2 1911708
0 1912682
997
1 2020571
2 2020790
0 2021761
998
1 86053
2 86256
0 87218
999
1 599725
2 599977
0 600951
