0
0 1122995
1
0 1226929
1 1227131
2
0 1328553
1 1328807
3
4
5
6
7
8
9
10
11
12
13
14
15
16
17
18
19
20
21
22
23
24
25
26
27
28
29
30
31
32
33
34
35
36
37
38
39
40
41
42
43
44
45
46
47
48
49
50
0
0 171115
1 171293
1
0 274917
1 275108
2
0 379572
3
0 483784
1 483973
4
0 584486
5
0 690400
6
0 793096
1 820888
1 831416
7
0 899714
1 899888
8
0 1005499
1 1005667
9
0 1110178
1 1110386
10
0 1213409
11
0 1318327
12
0 1420639
1 1420763
13
0 1521921
14
0 1626986
1 1627168
15
0 1733272
16
0 1839202
1 1838515
17
0 1939239
18
0 2041137
1 2041337
19
0 46697
1 46863
20
0 152583
1 152768
21
0 254937
22
0 359270
1 359443
23
0 463578
1 463773
24
0 571358
25
0 673057
1 673239
26
0 777684
1 777879
27
0 881229
28
0 983068
1 983256
29
0 1088531
1 1088723
30
0 1193591
1 1193756
31
0 1296722
1 1296887
32
0 1402086
33
0 1505105
1 1505293
34
0 1604947
35
0 1710605
1 1710829
36
0 1819823
1 1820006
37
0 1927232
38
0 2031292
39
0 39242
1 39463
40
0 143751
1 143955
41
0 248096
1 248283
42
0 345889
43
0 449193
44
0 550622
1 550770
45
0 652787
46
0 760563
1 760711
47
0 863154
1 863341
48
0 970102
49
0 1073375
50
0 1178962
1 1179132
51
0 1282228
1 1282384
52
0 1384929
1 1385108
53
0 1487536
1 1487796
54
0 1596563
1 1595939
1 1596680
55
0 1701750
1 1701926
56
0 1805143
1 1805285
57
0 1909752
1 1909971
58
0 2015438
1 2015613
59
0 20989
60
0 124336
1 124519
61
0 229330
1 229582
62
0 333242
1 333431
63
0 435324
1 435551
64
0 538636
1 538848
65
0 642741
66
0 744140
67
0 847518
1 847712
68
0 948319
69
0 1051377
1 1051587
70
0 1154667
71
0 1260804
72
0 1364598
1 1364768
73
0 1469167
1 1469377
74
0 1574149
1 1574336
75
0 1674587
1 1674775
76
0 1783408
1 1783611
77
0 1889559
78
0 1995915
79
0 5493
80
0 108366
1 108566
81
0 215830
1 215986
82
0 321125
83
0 422843
84
0 526580
1 526770
85
0 626185
86
0 730398
1 730585
87
0 834561
88
0 936573
1 936763
89
0 1045468
90
0 1151619
1 1151824
91
0 1258370
1 1258571
92
0 1362809
93
0 1465572
1 1464915
1 1465726
94
0 1566707
1 1567067
95
0 1670057
96
0 1776057
97
0 1882612
1 1882809
98
0 1988741
1 1988920
99
0 2092674
1 2092861
100
0 97057
1 97247
101
0 203261
1 203461
102
0 307081
1 307264
103
0 409003
104
0 514778
1 514972
105
0 617641
1 617804
106
1 691549
0 721027
107
0 822457
1 822627
108
0 926315
109
0 1029676
1 1029852
110
0 1130528
1 1130697
111
0 1237019
1 1237191
112
0 1342312
113
0 1448680
114
0 1554331
115
0 1655766
1 1657681
116
0 1759493
1 1759685
117
0 1861980
1 1862162
118
0 1967101
1 1972869
119
0 2072276
120
0 81204
1 81358
121
0 180785
122
0 283918
1 284109
123
0 385678
1 385889
124
0 488538
125
0 593335
126
0 696911
127
0 801411
128
0 909632
129
0 1012725
1 1012916
130
0 1116158
1 1116367
131
0 1217934
1 1218122
132
0 1323886
133
0 1425369
1 1425604
134
0 1528729
1 1528903
135
0 1631589
136
0 1735759
1 1735951
137
0 1841689
1 1841882
138
0 1948034
1 1948219
139
0 2051480
140
0 55484
141
0 160424
1 160617
142
0 265025
1 265171
143
0 369668
144
0 471481
145
0 578004
1 578183
146
0 680067
147
0 785558
148
0 889008
149
0 996511
1 996704
150
0 1099693
1 1099906
151
0 1203867
1 1204049
152
0 1307258
153
0 1413115
1 1413289
154
0 1516269
1 1516459
155
0 1618250
1 1618429
156
0 1720292
1 1720483
157
1 1804977
0 1825771
158
0 1924754
159
0 2029424
1 2029642
160
0 32560
161
0 136947
1 137129
162
0 241239
1 241425
163
0 349178
164
0 453177
165
0 559791
1 559962
166
0 659023
1 659201
167
0 762658
1 766699
168
0 866308
1 866493
169
0 972065
1 972256
170
0 1074088
1 1074271
171
0 1174372
172
1 1277131
0 1277816
173
0 1381742
1 1381913
174
0 1483837
175
0 1586897
1 1587105
176
0 1688076
177
0 1793473
1 1793640
178
0 1900284
1 1900468
179
0 2002533
1 2002751
180
0 8341
1 8405
181
1 111980
0 112675
182
0 217490
1 217701
183
0 324162
184
0 426042
1 426190
185
0 529297
1 529476
186
0 632788
187
0 736453
1 736631
188
0 839819
1 839992
189
0 941634
190
0 1047366
1 1047546
191
0 1151752
192
0 1253318
193
0 1355962
1 1356170
194
0 1460586
1 1460745
195
0 1563771
1 1563993
196
0 1663920
1 1664131
197
0 1764135
1 1764307
198
0 1867795
1 1867970
199
0 1973322
1 1973496
200
0 2076431
201
0 88230
1 101265
202
0 192290
1 192526
203
1 293625
0 296611
1 296735
204
0 399668
1 399106
205
0 506263
1 506461
206
0 612931
207
0 719761
208
0 824065
209
0 926908
1 927105
210
0 1031939
211
0 1132213
212
0 1238119
1 1238304
213
0 1344053
214
0 1449385
215
0 1555304
216
0 1657245
1 1657412
217
0 1759417
218
0 1863964
219
0 1968993
1 1969174
220
0 2071938
221
0 74598
222
0 180610
223
0 285870
1 286076
224
0 390929
225
0 496969
1 497224
226
0 598251
1 598410
227
0 704074
1 704297
228
0 808495
1 808660
229
0 915210
1 915394
230
0 1016547
1 1016714
231
0 1121470
1 1121671
232
0 1221768
233
0 1323974
234
0 1426225
1 1426404
235
0 1531817
236
0 1635733
1 1635906
237
0 1739966
1 1740155
238
0 1844472
1 1843823
239
0 1951072
240
0 2055776
1 2055959
241
0 64298
1 64470
242
0 170216
1 170419
243
0 274972
1 275183
244
0 381104
245
0 486052
1 486250
246
0 591688
1 591897
247
0 693005
248
0 797275
249
0 900009
250
0 1005397
1 1005580
251
0 1109971
1 1110106
252
0 1213190
1 1213353
253
0 1318391
1 1318573
254
0 1424164
1 1424291
255
0 1526096
1 1526265
256
0 1631954
1 1632088
257
0 1736835
258
0 1840204
1 1840390
259
0 1941495
260
0 2045325
1 2045499
261
0 51118
1 51289
262
0 156240
1 156429
263
0 260267
1 260435
264
0 366931
265
0 472932
1 473113
266
0 579691
1 579909
267
0 682058
268
0 786969
1 787177
269
0 892932
1 893112
270
0 998429
1 1023433
271
0 1103672
272
0 1207068
1 1207311
273
0 1309688
1 1309898
274
0 1413927
1 1414105
275
0 1518058
276
0 1623503
1 1623727
277
0 1726955
1 1727119
278
0 1831978
1 1832160
279
0 1938770
280
0 2040554
1 2040741
1 2049773
281
0 46884
1 47023
282
0 149249
283
0 252385
1 252554
284
0 358046
285
0 461445
1 461630
286
0 563490
1 563669
287
0 665087
288
0 767655
1 767862
289
0 871276
1 871473
290
1 963672
0 971579
1 971779
291
0 1077249
1 1077351
292
0 1183238
1 1183412
293
0 1286899
1 1287081
294
0 1390116
1 1390346
295
0 1493741
1 1493947
296
0 1597581
1 1597750
297
0 1698403
1 1698571
298
0 1800403
1 1800562
299
0 1902518
1 1902629
300
0 2001130
301
0 11727
302
0 110611
303
0 212708
304
0 316962
305
0 420463
306
0 522675
1 522856
307
0 625959
1 626149
308
0 729703
1 729884
309
0 831387
310
0 936813
311
0 1042671
1 1042853
312
0 1148950
1 1149135
313
0 1254087
314
0 1358951
1 1359162
315
0 1462450
316
1 1534752
0 1564065
317
1 1637584
0 1667928
318
0 1772830
1 1773011
319
0 1875451
320
0 1981628
1 1981814
321
0 2088725
1 2088895
322
0 94051
1 94224
323
0 196713
324
0 300888
325
0 402895
326
0 505393
1 505572
327
0 607793
1 607983
328
0 713687
1 713902
1 728208
329
0 816669
1 816849
330
0 921149
331
0 1026232
1 1026414
332
0 1131239
1 1131452
333
0 1237788
1 1237965
334
0 1342980
1 1343163
335
0 1450675
1 1450851
336
0 1554315
1 1554310
337
0 1659135
1 1659332
338
0 1761625
1 1761826
339
0 1864905
1 1865098
340
0 1967658
1 1967867
341
0 2072861
1 2073024
342
0 78500
1 78698
343
0 183597
1 183791
344
0 284789
1 284992
345
0 391655
346
0 497740
1 497918
347
0 602152
348
0 707714
349
0 812380
1 812567
350
0 917814
1 917926
351
0 1019959
1 1020130
352
0 1126039
1 1126232
353
0 1233081
1 1232759
354
0 1335251
355
0 1436937
356
0 1544016
1 1544211
357
0 1652097
358
0 1757827
359
0 1859157
1 1859345
360
0 1966380
1 1966585
361
0 2068493
1 2068652
362
0 70894
1 71066
363
0 175993
364
0 285192
1 285407
365
0 388330
1 388570
366
0 494025
1 494203
367
0 600573
1 600751
368
0 703446
369
0 806235
370
0 911477
1 911668
1 930296
371
0 1014283
1 1014419
372
0 1116098
373
0 1218808
374
0 1321601
375
0 1425193
1 1425371
376
0 1529007
1 1529196
377
0 1635739
1 1635931
378
0 1738107
1 1738308
379
0 1842281
380
0 1948391
381
0 2053106
1 2053279
382
0 58552
1 58745
383
0 161826
1 162109
384
0 267956
1 268144
385
0 372791
1 372986
386
0 479847
1 480054
387
0 583472
1 583649
388
0 689305
1 689379
389
0 794026
1 831144
390
0 899547
1 899739
1 934122
391
0 1004585
1 1004771
392
0 1110723
1 1111024
393
0 1217451
1 1217630
394
0 1319385
395
0 1427431
396
0 1532557
1 1532735
397
0 1634980
1 1635164
398
0 1739713
399
0 1841923
1 1842109
400
0 1949187
401
0 2053260
1 2052692
402
0 60590
1 60778
403
0 165916
404
0 272606
1 272782
405
0 378862
1 379087
406
0 482670
1 482858
407
0 584735
1 584928
408
0 685272
1 685474
409
0 787216
410
0 893519
411
0 997877
1 998092
412
0 1102344
1 1102529
413
0 1206697
414
0 1308789
415
0 1414720
1 1414909
416
0 1520408
1 1520592
417
0 1621100
1 1621293
418
0 1727349
1 1727068
419
0 1833463
420
0 1937415
1 1937601
421
0 2040595
1 2040774
422
0 46599
423
0 149942
1 150135
424
0 253039
425
0 356644
1 355957
426
0 462208
427
0 567375
428
0 671263
1 671458
429
0 773533
430
0 881093
431
0 983891
1 984101
432
0 1086226
1 1086413
433
0 1192850
434
0 1296413
1 1296589
435
0 1399560
1 1399745
436
0 1503619
437
0 1603562
1 1603742
438
0 1711919
1 1712089
439
0 1820626
1 1820828
440
0 1925695
1 1925898
441
0 2031936
442
0 39702
443
0 146445
1 146630
444
0 249845
1 250006
445
0 353843
446
0 459945
1 460125
447
0 564121
448
0 671044
449
0 775268
1 775408
450
0 883410
1 883594
451
0 987787
1 987982
452
0 1090519
1 1090710
453
0 1194421
1 1194577
454
0 1296685
1 1296870
1 1328568
455
0 1401681
456
0 1506024
457
0 1610351
458
0 1715033
1 1715244
459
0 1821989
1 1822165
460
0 1928274
461
0 2032272
462
0 37490
463
0 141710
1 141927
464
1 235134
0 246372
1 246546
465
0 352070
1 352275
466
0 454594
467
0 555273
1 555446
468
0 660443
1 660656
1 668782
469
0 765417
1 765583
470
0 871200
1 871399
471
0 976695
472
0 1081112
1 1081300
473
0 1183711
1 1183880
474
0 1295450
1 1295635
475
0 1394880
1 1395071
476
0 1500664
1 1506378
477
0 1607914
1 1608093
478
0 1713179
1 1713403
14 1718636
479
0 1815089
1 1815291
480
0 1917652
481
0 2021681
1 2021847
482
0 27023
483
0 130988
484
0 230959
485
0 338089
1 338295
486
0 441464
1 441636
487
0 543385
1 543574
488
0 650455
1 649812
489
0 755484
490
0 859577
1 859751
491
0 966438
492
0 1068803
1 1069004
493
0 1174925
1 1174288
494
0 1277787
1 1277974
495
0 1378964
496
0 1485485
497
0 1591833
1 1592017
498
1 1698182
0 1698708
1 1698841
499
0 1803112
500
1 1876298
0 1911381
1 1911508
501
0 2017267
1 2017437
502
0 25420
1 25592
503
0 129334
504
0 231536
1 231756
505
0 332512
1 332686
506
1 436325
0 436976
507
0 541494
1 541663
508
0 645001
1 645204
509
0 752618
1 752841
14 729671
510
0 857666
1 857886
511
0 960756
1 960950
512
0 1063521
1 1063724
513
0 1167480
514
0 1272121
1 1272331
515
1 1366069
0 1377939
1 1378109
516
0 1482355
517
0 1584762
1 1584981
518
0 1688658
1 1688838
519
0 1794876
1 1795073
520
0 1901965
521
0 2004407
1 2004643
522
0 11639
1 11810
523
0 115753
524
0 219000
1 219190
525
0 324893
526
0 430966
527
0 532783
1 532961
528
0 636090
529
0 739546
1 739745
530
0 841031
531
0 941265
1 941434
532
0 1042914
1 1043095
533
0 1145372
1 1145535
534
0 1249195
535
0 1352613
536
0 1457668
1 1457847
537
0 1560666
1 1560811
538
0 1664328
1 1664511
539
0 1767870
1 1768088
540
0 1872017
1 1872238
541
0 1973183
542
0 2075003
1 2075145
543
0 83653
544
0 187042
1 187238
545
0 294633
546
0 397160
547
0 503590
1 503751
548
0 604920
1 605103
549
0 708633
1 708825
550
0 811196
1 811385
551
0 914591
1 914785
552
0 1019729
553
0 1122265
1 1122452
554
0 1223598
555
0 1329772
1 1329957
556
0 1436054
557
0 1538465
558
0 1640138
1 1640315
559
0 1746224
1 1746400
560
0 1848348
1 1848514
561
0 1951461
1 1951647
562
0 2054724
1 2054908
563
0 59993
1 60156
564
0 165734
565
0 269459
566
0 374279
567
0 477566
1 477762
568
0 580440
569
0 685536
570
0 791624
1 791819
571
0 896535
572
0 999630
1 999809
573
0 1102563
574
0 1204240
1 1204418
575
0 1305329
576
0 1408035
1 1408222
577
0 1510755
578
0 1613161
579
0 1714266
1 1714480
580
0 1818434
1 1818624
581
1 1920251
0 1920921
582
0 2024141
1 2024297
583
0 34961
584
0 138086
1 138253
585
0 248198
586
0 351267
587
0 454874
588
0 557900
1 558096
589
0 658242
1 658441
590
0 762521
591
0 864526
1 864693
592
0 967997
1 968256
593
0 1071673
1 1071838
594
0 1173437
595
0 1277824
596
0 1382214
597
0 1487411
598
0 1588721
599
0 1689156
600
0 1791569
1 1791750
601
0 1895126
1 1895100
602
0 1999287
1 1999478
603
0 6944
1 7117
604
0 113215
605
0 216250
1 216425
606
0 321124
1 321342
607
0 423836
1 424038
608
0 526683
1 528220
609
0 632805
1 633018
610
0 737005
611
0 841011
612
0 944923
613
0 1049832
1 1050022
614
0 1151739
1 1151924
615
0 1258248
1 1258418
616
0 1367400
617
0 1472945
618
0 1578710
1 1578908
619
0 1684926
1 1685103
620
0 1786340
1 1786533
621
0 1890695
1 1890895
622
0 1995332
1 1995507
623
0 497
1 651
624
0 105175
1 105353
625
0 210388
1 210573
626
0 313758
1 313966
627
0 419981
1 420164
628
0 525018
1 525194
629
0 630934
1 631098
630
0 735796
631
0 841873
632
0 947328
1 947499
633
0 1051993
1 1052206
634
0 1154860
1 1155010
635
1 1258642
0 1259389
636
0 1363956
1 1364129
637
0 1468642
1 1468850
638
0 1573377
1 1573575
639
0 1680124
640
0 1788589
641
0 1892104
1 1892276
642
0 1993723
1 1993920
643
0 3178
644
0 108819
1 109001
645
0 210926
1 211142
646
0 316625
1 316834
647
0 420423
1 420677
648
0 524943
649
0 633205
1 633390
650
0 734335
1 734509
651
0 836238
652
0 941483
1 941675
653
0 1046752
1 1046939
654
0 1151491
1 1151645
655
0 1256163
1 1256359
656
0 1359049
1 1359230
657
0 1463485
1 1463678
658
0 1569355
659
0 1672405
660
0 1778689
1 1778866
661
0 1886568
1 1886745
662
0 1991693
1 1991911
663
0 2095671
1 2095856
664
0 101604
665
0 206755
666
0 311371
667
0 417472
1 417644
668
0 524624
1 524823
669
0 629927
1 629245
670
0 731832
1 732059
671
0 836279
672
0 940896
1 941058
673
0 1045967
674
0 1150067
1 1150240
675
0 1253925
1 1254097
676
0 1354921
677
0 1460759
1 1460916
678
0 1564609
1 1564853
679
0 1667977
680
0 1769030
1 1769208
681
0 1873299
682
0 1978697
1 1978873
683
0 2082016
1 2082213
684
0 85951
1 86125
685
0 191517
1 191703
686
0 296773
1 296954
687
0 401751
1 401945
688
0 500831
689
0 607571
690
0 714321
1 714508
691
0 818083
692
0 917211
1 917397
693
0 1018015
694
0 1122851
1 1123028
695
0 1227113
1 1227349
696
0 1328291
1 1328468
697
0 1432737
698
0 1539833
1 1540000
699
0 1646711
700
0 1749805
1 1749981
701
0 1855507
1 1855710
702
0 1959124
703
0 2063281
704
0 67491
1 67675
705
0 174054
1 174237
706
0 274426
707
0 380682
708
0 485307
709
0 587148
1 587324
710
0 691401
1 691578
711
0 793864
1 794071
712
0 898667
713
0 1002499
1 1002676
714
0 1103943
1 1104107
715
0 1208268
1 1208444
716
0 1311370
717
0 1414978
718
0 1520305
1 1520489
719
0 1629036
1 1629211
720
0 1733334
1 1733503
721
0 1836331
1 1836518
722
0 1939407
1 1938877
723
0 2042635
1 2042832
724
0 53957
1 54128
725
0 157793
1 158001
726
0 263819
1 264008
727
0 366171
1 366354
728
0 467816
729
0 571555
1 571734
730
0 674847
731
0 782046
1 782233
732
1 885862
0 886554
733
0 994964
1 995197
734
0 1098219
1 1098424
735
0 1204027
1 1204205
736
0 1309485
1 1309734
737
0 1411550
738
0 1514747
739
0 1616781
740
0 1722616
1 1722789
741
0 1829670
742
0 1931868
1 1932049
743
0 2036016
744
0 42503
745
0 147162
1 147337
746
0 251596
1 251805
747
0 358160
1 358343
748
0 468140
1 468323
749
0 573948
1 574137
750
0 675786
1 675954
751
0 781183
1 781373
752
0 885959
1 886178
753
0 992477
754
0 1100443
755
0 1204837
756
0 1307836
1 1308038
757
1 1413876
0 1414578
758
0 1518398
1 1518605
759
0 1621623
760
0 1725523
761
0 1829575
1 1829765
762
0 1932718
1 1932888
763
0 2034732
1 2034932
764
0 43263
765
0 147872
1 147178
766
0 253100
1 256623
767
0 356873
1 357059
768
0 461094
769
0 564588
770
0 670113
1 670305
771
0 776073
1 776234
772
0 880863
1 881062
773
0 986407
1 986575
774
0 1092080
1 1092258
775
0 1197230
776
0 1303620
1 1303798
777
0 1406782
778
0 1511433
1 1511648
779
0 1619805
780
0 1724745
1 1724952
781
0 1827165
1 1827362
782
0 1930529
1 1930721
783
0 2033421
1 2033601
784
0 39570
785
0 142047
1 142217
786
0 242054
787
0 343527
1 343728
788
0 447420
789
0 554025
790
0 657923
1 658097
791
0 760796
1 760985
792
0 864814
793
0 969755
794
0 1070039
1 1070241
795
0 1174199
1 1174391
796
0 1278329
1 1278508
797
0 1382258
1 1382613
798
0 1488307
799
0 1588901
800
0 1695134
1 1695323
801
0 1799008
1 1799203
802
0 1904330
803
0 2010579
1 2010780
804
0 21083
1 21226
805
0 122301
1 122505
806
0 227048
1 227231
807
0 332989
1 333162
808
0 435381
1 435539
809
0 537361
1 548340
810
0 640135
811
0 741167
1 741351
812
0 841819
813
0 945759
814
0 1051381
815
0 1153245
816
0 1254100
1 1254265
817
0 1356212
1 1356415
818
0 1462044
819
0 1565690
1 1565868
820
0 1670392
821
0 1771279
1 1771458
822
0 1875282
1 1875451
823
0 1981257
824
0 2084266
825
0 91251
826
0 198561
1 198709
827
0 303589
1 303772
828
0 408857
1 409017
829
0 507297
830
0 613337
1 613509
831
0 716595
1 716760
832
0 818578
1 818779
833
0 921743
1 921914
834
0 1026906
1 1027081
835
0 1132111
1 1132296
836
0 1234886
1 1235053
837
0 1338818
1 1338995
838
0 1441176
839
0 1541354
840
0 1645232
1 1645430
841
0 1750367
842
0 1854468
1 1854665
843
0 1959897
1 1960087
844
0 2065137
1 2065326
845
0 73617
1 73831
846
0 180901
847
0 284320
848
0 385841
849
0 488730
1 488911
850
0 590701
1 591474
851
0 695098
1 695275
852
0 798545
853
0 902853
1 903084
854
0 1006954
1 1007101
855
0 1110583
1 1110769
856
0 1215500
1 1215689
857
0 1320000
1 1319793
858
0 1423739
859
0 1525098
1 1525290
860
0 1628068
861
0 1731202
862
0 1840562
863
0 1946085
864
0 2049682
1 2049897
865
0 59656
1 59832
866
0 164999
1 165207
867
0 269951
1 270153
868
0 373990
869
0 478984
1 479165
870
0 581121
1 581303
871
0 688272
872
0 791378
1 791592
873
0 894633
1 894835
874
0 999471
1 999654
875
0 1103899
1 1104073
876
0 1207244
1 1207431
877
0 1312078
1 1312275
878
0 1413939
879
0 1514385
1 1514554
880
0 1617556
1 1617722
881
0 1720149
1 1720355
1 1752325
882
0 1827565
883
0 1931508
884
0 2037842
1 2038030
885
0 45598
886
0 149256
1 149495
887
0 252914
1 253962
888
0 359356
1 359538
889
0 464354
1 464556
890
0 571608
1 588818
891
0 678425
1 678622
892
0 783117
1 783303
893
0 887010
1 887213
894
0 991428
1 991585
895
0 1098389
1 1098567
896
0 1202644
1 1202828
897
0 1307961
1 1308153
898
0 1415405
1 1415576
899
0 1520646
900
0 1622384
1 1622551
901
0 1728016
1 1728181
902
0 1835091
903
0 1937973
1 1938157
904
0 2043444
1 2043624
905
0 51413
906
0 155988
907
0 260478
908
0 365290
1 365481
909
0 469272
1 469507
910
0 577866
911
0 679583
1 679811
912
0 784528
913
0 889988
1 890163
914
0 997979
915
0 1098223
916
0 1202145
917
1 1306493
0 1307160
918
0 1410322
919
1 1485746
0 1513699
1 1513880
920
0 1616234
1 1616416
921
0 1718821
922
0 1821992
1 1822169
923
0 1926549
1 1926739
924
0 2031021
1 2031239
925
0 41595
1 41787
926
0 146446
1 146640
927
0 250083
1 250254
928
0 349481
929
0 452434
1 452589
930
0 560000
931
0 665240
1 665456
932
0 770274
1 770462
933
1 874731
0 879564
934
0 980017
1 980200
935
0 1084388
936
0 1188015
937
0 1291473
938
0 1395806
939
0 1503492
940
0 1607666
1 1607893
941
0 1710863
1 1711046
942
0 1814852
1 1815024
943
1 1918076
0 1918764
944
0 2021455
945
0 34660
946
0 137892
1 138080
947
0 241069
1 241247
948
0 348646
1 348843
949
1 455543
0 456215
950
0 560208
951
0 664925
1 665131
952
0 770175
1 770374
953
0 872909
1 873108
954
0 973420
1 973613
955
0 1077346
956
0 1179455
1 1179637
957
0 1282659
958
0 1383053
959
0 1488050
1 1488238
960
0 1594284
1 1594469
961
0 1698165
1 1698364
1 1724158
962
0 1802026
963
0 1905267
964
0 2009055
1 2009255
965
0 14711
1 14884
966
0 117521
1 117698
967
0 223298
1 223495
968
0 327671
1 327850
969
0 429635
1 429875
970
0 534677
1 534862
971
0 641294
972
0 746157
973
0 851971
974
0 955981
1 956184
975
0 1065552
1 1065751
976
0 1168926
977
0 1271780
1 1271956
978
0 1377547
1 1377722
979
0 1480965
1 1481152
980
0 1584351
1 1584511
981
0 1685786
1 1686022
982
0 1791156
983
0 1894708
14 1856964
984
0 1999895
1 2000108
985
0 10811
986
0 114498
1 114682
987
0 218413
1 218596
988
0 319098
1 319219
989
0 417933
1 418139
990
0 522383
1 522650
991
0 628519
1 628736
992
0 730352
1 730490
993
0 831757
1 831945
994
0 934708
1 934903
995
0 1035951
1 1036162
996
0 1139877
1 1140008
997
0 1244764
1 1244973
998
0 1350469
1 1355509
999
0 1455342
1000
0 1562384
1 1562565
1001
0 1665157
1002
0 1769180
1003
0 1870302
1004
0 1977077
1 1977263
1005
1 2078984
0 2079621
1006
0 87418
1 87603
1007
0 191541
1008
0 292950
1009
0 399305
1010
0 502567
1 502742
1011
0 606984
1 607188
1012
0 713971
1013
0 821398
1014
0 922265
1 922478
1015
0 1027607
1016
0 1131347
1 1131540
1017
0 1235892
1018
0 1340257
1019
0 1444884
1020
0 1546651
1 1546839
1021
0 1656293
1 1656472
1022
0 1760291
1023
0 1867179
1024
0 1971087
1 1971225
1025
0 2077702
1 2077873
1026
0 84549
1 84711
1027
0 189848
1 190059
1028
1 279383
0 296662
1029
0 401957
1 402151
1030
0 505738
1031
0 605864
1 606065
1032
0 708673
1 708811
1033
0 812363
1034
0 917722
1 917960
1035
0 1021365
1 1021535
1036
0 1128394
1037
0 1233550
1 1233793
1038
0 1341124
1 1341294
1039
1 1405776
0 1442638
1 1442816
1040
0 1544480
1 1544673
1041
0 1647643
1042
0 1752250
1 1752445
1043
0 1857445
1 1857653
1044
0 1960364
1 1960547
1045
0 2063659
1 2063835
1046
0 68523
1 68717
1047
0 171981
1048
0 277381
1 277559
1049
0 380159
1 380356
1050
0 483390
1 483578
1051
0 585035
1 585195
1 607811
1052
0 688352
1 688541
1053
0 791853
1 792042
1054
0 894750
1055
0 995718
1056
0 1099319
1 1099210
1057
0 1204065
1058
0 1308125
1059
0 1417338
1 1417529
1060
0 1523645
1061
0 1626463
1062
0 1729717
1 1729898
1063
0 1835856
1 1836045
1064
1 1928615
0 1939213
1065
0 2039923
1 2040100
1066
0 48445
1 48629
1067
0 153698
1068
0 256148
1 256303
1069
0 361159
1 361276
1070
0 465396
1 465645
1071
0 572678
1 572861
1072
0 675877
1 676100
1073
0 778662
1 778859
1074
0 883865
1 884030
1075
0 991921
1 992106
1076
0 1095936
1 1096143
1077
0 1200211
1 1199546
1 1200362
1078
0 1306748
1 1306967
1079
0 1413021
1080
0 1515887
1081
0 1619431
1 1619602
1082
0 1722924
1083
0 1830954
1 1831110
1084
0 1935702
1 1935867
1085
0 2039058
1 2039230
1086
0 43483
1087
0 155138
1 155369
1088
1 260384
0 261075
1089
0 364973
1 365148
1090
0 471218
1 471414
1091
0 575723
1 575910
1092
0 680398
1 680567
1093
0 785908
1094
0 889190
1 889277
1095
1 994432
0 995018
1 994946
1096
0 1099355
1 1099533
1097
0 1203415
1 1203622
1098
0 1305869
1 1306022
1099
0 1410891
1 1411095
1100
0 1512185
1 1512356
1 1524754
1101
0 1614780
1 1614947
1102
0 1723280
1103
0 1829980
1 1849042
1104
0 1934203
1 1934404
1105
0 2038102
1106
0 45691
1107
0 150921
1 151089
1108
0 254360
1 254548
1109
0 357721
1 357940
1110
0 462983
1 463175
1111
0 563184
1112
0 667433
1 667632
1113
0 769989
1114
0 870165
1115
0 974962
1 975152
1116
0 1077785
1 1077970
1117
0 1181250
1118
0 1288419
1119
0 1390065
1 1390244
1120
0 1490202
1 1490385
1121
0 1593933
1122
0 1700553
1 1700742
1123
0 1805624
1124
0 1910055
1125
0 2014092
1 2014279
1126
0 21994
1127
0 128237
1 128415
1128
0 233928
1 234113
1129
0 337904
1 338090
1130
0 443205
1 443434
1131
0 546187
1132
0 652203
1 652391
1133
0 759986
1134
0 859645
1 859833
1135
0 963766
1136
0 1066329
1 1066507
1137
0 1170824
1 1171011
1138
0 1272967
1 1273133
1139
0 1380103
1 1380276
1140
0 1484145
1141
0 1591482
1142
0 1695157
1 1695331
1143
0 1800724
1 1800914
1144
0 1909113
1 1909287
1145
0 2013115
1 2013321
1146
0 19862
1 20039
1147
0 123471
1 123650
1148
0 227365
1149
0 332136
1 332337
1150
0 436764
1 436964
1151
0 541125
1152
0 644530
1 644767
1153
0 750864
1 751111
1154
0 850868
1155
0 958595
1 958731
1156
0 1066882
1 1067076
1157
0 1170253
1158
0 1271820
1 1272023
1159
0 1376611
1160
0 1483501
1 1483691
1161
0 1589073
1162
0 1693631
1 1693808
1163
0 1797117
1164
0 1898527
1 1898707
1165
0 1998232
1166
0 3416
1 3603
1167
0 104580
1 104749
1168
0 212257
1169
0 315147
1170
0 419532
1 419713
1171
0 523143
1 523373
1172
0 625963
1 626150
1173
0 730947
1 731106
1174
0 840252
1 840446
1175
0 944492
1176
0 1051583
1 1051787
1177
0 1158573
1178
0 1264727
1 1264905
1179
0 1366670
1 1366816
1180
0 1472523
1 1472711
1181
0 1576436
1 1576619
1182
0 1680240
1 1680416
1183
0 1789874
1 1790060
1184
0 1892869
1 1893071
1185
0 1999427
1186
0 11877
1 12048
1187
0 117849
1188
0 222215
1189
0 326102
1 326287
1190
0 429759
1 429951
1191
0 534215
1 534386
1192
0 637079
1193
0 741491
1194
0 848275
1 848465
1195
0 956453
1196
0 1060586
1197
0 1163277
1 1163483
1198
0 1267459
1 1267643
1199
0 1373947
1200
0 1477299
1 1477462
1201
0 1580356
1 1580626
1202
0 1688408
1203
0 1794140
1 1794346
1204
0 1898401
1 1898602
1205
0 1999406
1 1999574
1206
0 9014
1 9214
1207
0 110025
1208
0 213735
1 213917
1209
0 321290
1 321467
1210
0 426389
1211
0 531906
1 532083
1212
0 638006
1 638198
1213
0 739445
1 738762
1214
0 842487
1 842637
1215
0 945622
1216
0 1048216
1 1048390
1217
0 1153787
1218
0 1262264
1 1262421
1219
0 1367087
1 1367301
1220
0 1475219
1 1475408
1221
0 1581302
1 1581426
1222
0 1683121
1 1683314
1223
0 1785909
1 1786107
1224
0 1894076
1225
0 1995786
1 1996058
1226
0 2530
1227
0 104995
1 105213
1228
0 208202
1229
0 314562
1 314794
1230
0 420214
1 420395
1231
0 523952
1 524153
1232
0 629120
1 629301
1233
0 731905
1 732059
1234
0 836277
1235
0 938920
1 939107
1236
0 1043245
1 1043433
1237
0 1146728
1238
0 1252526
1 1252720
1239
0 1359180
1240
0 1464315
1 1464497
1241
0 1563482
1 1563645
1242
0 1670889
1 1671090
1243
0 1774413
1 1774503
1244
0 1879821
1 1880023
1245
0 1984228
1246
0 2090770
1 2090969
1247
0 102771
1248
0 207412
1249
0 310964
1250
0 412615
1 412807
1251
0 520697
1252
0 626706
1 626893
1253
0 732713
1 732887
1254
0 835586
1 835810
1255
0 938510
1256
1 1044521
0 1045200
1257
0 1150475
1258
0 1256310
1 1256470
1259
0 1359080
1260
0 1465382
1 1465546
1261
0 1571580
1 1571804
1262
0 1678330
1 1678508
1263
0 1781916
1264
0 1886465
1 1886644
1265
0 1991458
1 1991635
1266
0 2096229
1267
1 98634
0 102609
1268
0 209208
1 209373
1269
0 313094
1 313249
1270
0 416048
1271
0 521014
1 521177
1272
0 628064
1273
0 730695
1274
0 834335
1 834539
1275
0 941040
1276
0 1044749
1 1044943
1277
0 1147443
1 1147529
1278
0 1250614
1 1250789
1279
0 1353103
1 1353288
1280
0 1461039
1 1461223
1281
0 1565128
1282
0 1665870
1 1666070
1283
0 1769857
1284
0 1869767
1 1869948
1 1886331
1285
0 1973117
1 1973299
1286
0 2076411
1 2076585
1287
0 84186
1288
0 194241
1 194425
1289
0 302337
1290
0 406873
1 407054
1291
0 511146
1 511324
1292
0 614630
1293
0 714828
1 715012
1294
0 823591
1 823764
1295
0 925908
1 926073
1296
0 1030250
1297
0 1135509
1298
0 1241162
1 1241336
1299
0 1343922
1300
0 1447968
1301
0 1556858
1302
0 1662504
14 1640734
1303
0 1765330
1 1765515
1304
0 1872893
1 1873093
1305
0 1977076
1 1977253
1306
0 2082053
1 2082234
1307
0 88130
1 88323
1308
0 194093
1309
0 299538
1310
0 404794
1 404936
1311
1 494704
0 504479
1312
0 607787
1313
0 711336
1 711490
1314
0 817734
1 817928
1315
0 926133
1316
0 1027540
1 1027699
1317
0 1129681
1318
0 1238595
1 1238757
1319
0 1345820
1 1345996
1320
0 1450864
1321
0 1553242
1 1553412
1322
0 1657432
1323
0 1766835
1 1767001
1324
0 1870023
1 1870225
1325
0 1976075
1 1976268
1326
0 2082431
1327
0 86907
1 87090
1328
0 192214
1329
0 299128
1 298972
1330
0 403827
1331
0 508353
1 508547
1332
0 614720
1 648745
1333
0 722156
1334
0 827562
1335
1 933836
0 934430
1336
0 1042381
1 1042554
1337
0 1145086
1 1145296
1338
0 1251273
1339
0 1360016
1 1359776
1340
0 1466806
1 1466979
1 1497679
1341
0 1568986
1 1569166
1342
0 1670353
1343
0 1773265
1 1773439
1344
0 1876706
1 1876889
1345
0 1981586
1 1981747
1346
0 2086259
1347
0 97369
1348
0 200321
1 200499
1349
0 304037
1350
0 407292
1 407451
1351
0 508837
1 509039
1352
0 615178
1 615335
1353
0 717511
1354
0 822232
1 822434
1355
0 930299
1 930487
1356
0 1034602
1 1034767
1357
0 1140012
1 1140203
1358
0 1248208
1359
0 1352629
1 1352818
1360
0 1457757
1 1457942
1361
0 1565960
1 1566125
1362
0 1674703
1363
0 1776305
1 1776464
1364
0 1876572
1 1876760
1365
0 1978973
1 1979147
1366
0 2082997
1 2083180
1367
0 90249
1 90442
1368
0 194738
1369
0 299048
1 299240
1370
0 404617
1 404802
1371
0 506709
1372
1 611383
0 612094
1373
0 718787
1 718956
1374
0 825582
1375
0 929381
1 929539
1376
0 1033402
1 1033580
1377
0 1138140
1378
0 1244990
1379
0 1347078
1 1347013
1380
0 1453947
1381
0 1559536
1 1559719
1382
0 1665231
1383
0 1767226
1 1767419
1384
0 1872610
1 1872837
1385
1 1973523
0 1973781
1386
0 2076713
1387
0 86715
1 86917
1388
0 190513
1 190696
1389
0 298100
1 298283
1390
0 404002
1 404191
1391
0 514421
1 514591
1392
0 621424
1 621617
1393
0 726401
1 726560
1394
0 829368
1 829429
1395
0 931363
1396
0 1034902
1 1035069
1397
0 1141957
1398
0 1244622
1 1244811
1399
0 1351053
1400
0 1457507
1 1457719
1401
0 1562977
1 1563159
1402
0 1669489
1 1669671
1403
0 1773540
1 1773729
1404
0 1879043
1 1879220
1 1901115
1405
0 1983371
1 1983553
1406
0 2088868
1 2089082
1407
0 97860
1408
0 202914
1 203107
1409
1 270351
0 306113
1410
0 409856
1411
0 515095
1 515283
1412
0 621476
1 621659
1413
0 727446
1 727636
1414
0 833023
1 833199
1415
0 935451
1 935493
1416
0 1037932
1 1038104
1417
0 1142490
1 1142677
1418
0 1244664
1419
0 1346834
1420
0 1451259
1421
0 1559182
1 1559377
1422
0 1664449
1423
0 1769560
1 1769734
1424
0 1878919
1 1879124
1425
0 1984875
1 1985059
1426
0 2091885
1427
0 96689
1428
0 201613
1429
0 305427
1430
0 410783
1 411061
1431
0 513463
1 513635
1432
0 618937
1 619116
1433
0 721366
1 721556
1434
0 827295
1435
0 933677
1 933849
1436
0 1041995
1437
0 1145957
1 1146154
1438
0 1249695
1 1249880
1439
0 1351231
1440
0 1458716
1 1458917
1441
0 1562615
1 1562809
1442
0 1668849
1 1669052
1443
0 1775304
1 1775494
1444
0 1877064
1445
0 1980633
1 1980795
1446
0 2087875
1447
0 99338
1448
0 203110
1 203283
1449
0 307747
1450
0 412023
1 411403
1451
0 519321
1 519496
1452
0 628675
1453
0 732151
1 732340
1454
0 836852
1455
1 941292
0 941815
1456
0 1045335
1 1045510
1457
0 1150203
1 1150377
1458
0 1256778
1 1256955
1459
0 1362294
1 1362475
1460
0 1463215
1 1463380
1461
0 1565950
1 1566142
1462
1 1671120
0 1671779
1463
0 1776514
1 1776688
1464
0 1881080
1 1881281
1465
0 1986336
1466
0 2092085
1467
0 101525
1 101694
1468
0 206832
1 207022
1469
0 308394
1 308550
1470
0 414883
1 414852
1471
0 519978
1 520140
1472
0 624976
1 625160
1473
0 728991
1 729194
1474
0 838183
1 838339
1475
1 943970
0 944569
1476
0 1049921
1 1050108
1477
0 1154278
1478
0 1260746
1479
0 1370342
1 1370545
1480
0 1475690
1 1475881
1481
0 1577236
1 1577422
1482
0 1682184
1 1683061
1483
1 1785831
0 1786499
1484
0 1890154
1 1890318
1 1904231
1485
0 1996886
1 1996243
1486
0 4246
1 4416
1487
0 110030
1488
0 212992
1 212410
1489
0 317000
1490
0 422471
1491
0 528697
1492
0 634650
1493
0 738984
1 739160
1494
0 845299
1 845492
1495
0 948149
1496
0 1050285
1 1050481
1497
0 1155739
1 1155927
14 1175740
1498
0 1259265
1 1259439
1499
0 1364133
1 1364329
1500
0 1468183
1 1468355
1501
0 1575167
1 1575382
1502
0 1677273
1 1677432
1503
0 1778413
1504
0 1881917
1505
0 1985131
1 1985318
1506
0 2087350
1507
0 95035
1508
0 201519
1 201683
1509
0 307406
1 307586
1510
0 414623
1 414767
1511
0 518051
1 518280
1512
0 621761
1 621944
1513
0 727034
1 727211
1514
0 829341
1 829526
1515
0 934379
1516
0 1039947
1 1040138
1517
0 1147563
1 1147734
1518
0 1252825
1 1253019
1519
0 1361264
1 1361448
1520
1 1464323
0 1464980
1521
0 1569163
1522
0 1673542
1 1672965
1 1673460
1523
0 1781671
1524
0 1884292
1 1884469
1525
0 1989072
1 1989245
1526
0 2092301
1 2092521
1527
0 102876
1 103058
1528
0 209184
14 187800
1529
0 314337
1 314520
1530
0 418091
1 418263
1531
0 523665
1 523850
1532
0 630706
1 630876
1533
0 734667
1534
0 839237
1535
0 945376
1 945597
1536
0 1054397
1537
0 1159150
1 1159338
1538
0 1258123
1 1258311
1539
1 1359933
0 1360641
1540
0 1466269
1541
0 1572214
1 1572395
1542
0 1677369
1543
0 1779338
1 1779570
1544
0 1886419
1545
0 1990002
1 1990176
1 2029041
1546
0 45
1 246
1547
0 104669
1548
0 207942
1 208096
1549
0 311887
1550
0 417692
1 417911
1551
0 525780
1 525984
1552
0 631000
1553
0 735814
1554
0 842323
1555
0 946890
1556
0 1051221
1557
0 1155759
1 1155928
1558
0 1259663
1 1259876
1559
0 1361113
1560
0 1464597
1 1464706
1561
0 1569737
1 1599175
1562
0 1678072
1 1678265
1563
1 1772289
0 1784195
1564
0 1887006
1 1887232
1565
0 1992360
1 1992540
1566
0 2096864
1567
0 101096
1 101276
1568
0 206876
1 207040
1569
0 312638
1 312817
1570
0 416148
1 416335
1571
0 518238
1 517629
1572
0 619732
1 619905
1573
0 724441
1574
0 827662
1575
0 930695
1 930871
1576
0 1033633
1 1033776
1577
0 1140072
1578
0 1243529
1 1243713
1579
0 1348532
1 1348717
1580
0 1452263
1 1452409
1581
0 1558436
1582
0 1664615
1 1664807
1583
0 1772653
1 1772833
1584
0 1878422
1 1878612
1585
0 1983430
1586
0 2086712
1587
0 94740
1 94932
1588
0 199692
1589
0 305375
1590
0 413709
1591
0 518735
1 518920
1592
0 619146
1593
0 726436
1 726605
1594
0 833947
1 834141
1595
0 938121
1 938291
1596
0 1046370
1 1046643
1597
0 1151660
1 1151862
1598
0 1255492
1 1255691
1599
0 1362826
1600
0 1462603
1 1461978
1601
0 1566624
1602
0 1673684
1 1673859
1603
0 1781280
1 1781479
1604
0 1886907
1 1887045
1605
0 1989583
1606
0 2095676
1 2095861
1607
0 102264
1608
0 201319
1609
0 307514
1 307699
1610
0 415383
1 415576
14 440045
1611
0 521674
1 521876
1612
0 626541
1 626780
1613
0 732218
1 732425
1614
0 839372
1615
0 945222
1 945419
1616
0 1051352
1617
0 1156210
1618
0 1257617
1619
0 1360991
1 1361176
1620
0 1466654
1621
0 1571136
1 1571315
1622
0 1677838
1 1678011
1623
0 1787019
1 1787190
1624
0 1892084
1 1892280
1625
0 1996795
1 1996984
1626
0 7279
1627
0 112312
1628
0 212893
1 213066
1629
0 315514
1 315658
1630
0 417265
1 417480
1631
0 523783
1 523963
1632
0 633170
1 633376
1633
0 742448
1 742606
1634
0 845782
1 845981
1635
0 950666
1 950841
1636
0 1056603
1 1056775
1637
0 1162274
1 1162447
1638
0 1268648
1639
0 1372394
1 1372577
1640
0 1477985
1641
0 1582122
1 1582318
14 1553348
1642
0 1688527
1 1688708
1643
0 1793218
1644
0 1895481
1 1895650
1645
0 1999674
1646
0 4866
1 5046
1647
0 110908
1648
0 217851
1 218031
1649
0 319962
1 320153
1650
0 426244
1651
0 533681
1 533887
1652
0 637688
1 637867
1653
0 742643
1 742821
1654
0 848536
1655
0 958144
1 958322
1656
0 1059231
1 1059411
1657
0 1166020
1 1166255
1658
0 1270364
1 1270541
1659
0 1374772
1 1374951
1660
1 1458939
0 1481338
1 1481511
1661
0 1584956
1 1585149
1662
0 1693199
1 1693363
1663
0 1795759
1 1795942
1664
0 1901871
1 1902059
1665
0 2008974
1 2009170
1666
0 17596
1 17853
1667
0 123539
1668
0 229508
1 229698
1669
0 335493
1 335686
1670
0 439776
1 439964
1671
0 545743
1672
0 650495
1 650670
1673
0 754739
1 754918
1674
0 858440
1 857791
1 858593
1675
0 965075
1676
0 1071641
1677
0 1176551
1678
0 1279644
1 1279820
1679
0 1381737
1 1381912
1680
0 1486945
1681
0 1595673
1 1595852
1682
0 1699254
1683
0 1802937
1 1803126
1684
0 1908891
1 1909078
1685
0 2013813
1 2014079
1686
0 22897
1 23092
1687
0 132069
1688
0 236675
1 236834
1689
0 343609
1 343797
1690
0 446063
1 446277
1691
0 550596
1 550777
1692
0 652769
1693
0 760028
1 759355
1694
0 866714
1695
0 975368
1 975555
1696
0 1079952
1 1080123
1697
0 1186306
1698
0 1291591
1699
0 1396102
1 1396275
1700
0 1501762
1701
0 1610479
1 1610678
1702
0 1718347
1703
0 1823907
1 1823296
1 1824043
1704
0 1926118
1 1926297
1705
0 2033616
1 2033788
1706
0 40079
1 40263
1707
0 147595
1708
0 253017
1 253195
1709
0 360302
1710
0 466480
1 466669
1711
0 568392
1 568533
1712
0 674092
1713
0 777779
1 777957
1714
0 882466
1715
0 987783
1 987979
1716
0 1092211
1 1092382
1717
0 1198953
1 1199138
1718
0 1307089
1719
0 1410852
1 1411044
1720
0 1514271
1 1514434
1721
0 1620758
1722
0 1726164
1 1726336
1723
0 1828769
1 1828986
1724
0 1935171
1 1935370
1725
0 2038431
1 2038619
1726
0 46031
1727
0 149765
1 149942
1728
0 254748
1729
0 358631
1 358813
1730
0 462269
1731
0 565508
1 565662
1732
0 671113
1 671311
1733
0 776561
1 776746
1734
0 881196
1735
0 987074
1 987244
1736
0 1094388
1737
0 1195943
1738
0 1299372
1739
0 1405024
1 1405284
1740
0 1511170
1741
0 1620562
1 1620758
1742
0 1727553
1 1727720
1743
0 1837846
1 1838036
1744
0 1945788
1745
0 2049870
1746
0 59307
1 59490
1747
0 165956
1 166123
1748
0 270759
1749
0 376784
1 376997
1750
0 480992
1 481171
1751
1 552835
0 588024
1752
0 692569
1 692744
1753
0 800676
1 800843
1754
0 905985
1 906160
1755
0 1010823
1756
0 1117891
1 1118089
1757
0 1223174
1 1223351
1758
0 1329578
1 1329749
1759
0 1431354
1 1431540
1760
0 1533761
1 1533971
1761
0 1637750
1 1637930
1762
0 1737530
1763
0 1842916
1 1843093
1 1858497
1764
0 1946192
1765
1 2037299
0 2050488
1 2050648
1766
0 62369
1767
0 169433
1 169645
1768
0 274629
1769
0 376489
1 376662
1770
0 476135
1 476316
1771
0 579037
1 579211
1772
0 684118
1773
0 789347
1 808108
1774
0 898103
1 898309
1775
0 1002233
1776
0 1107360
1 1107527
1 1137548
1777
0 1214422
1778
0 1321018
1 1321217
1779
0 1428261
1 1428443
1780
0 1531015
1781
0 1636347
1782
0 1742184
1783
0 1850160
1784
0 1953696
1 1953906
1785
0 2057175
1 2057362
1786
0 65166
1 65351
1787
0 169366
1 169551
1788
0 272823
1 273017
1789
0 375022
1790
0 482560
1 482743
1791
0 587351
1792
0 696329
1 696512
1793
0 801035
1 801216
1794
0 904453
1795
0 1008305
1 1008486
1796
0 1111989
1 1112181
1797
0 1214388
1798
0 1316811
1 1317001
1799
0 1419825
1 1420048
1800
0 1527161
1 1527351
1801
0 1632590
1802
0 1737258
1 1737413
1803
0 1845461
1 1845643
1804
0 1947250
1 1947444
1805
0 2053539
1 2053739
1806
0 59774
1 59953
1807
0 159485
1 159659
1808
1 262517
0 263140
1 263311
1809
0 370569
1810
0 473051
1811
0 575522
1 575730
1812
0 683300
1813
0 788365
1 788581
1814
0 895471
1 895625
1815
0 999991
1816
0 1103137
1817
0 1205923
1818
0 1313994
1819
0 1419473
1820
0 1524436
1 1524609
1821
0 1631454
1 1631633
1822
0 1736444
1 1736619
1823
0 1840123
1 1840299
1824
0 1941868
1 1942062
1825
0 2046342
1826
0 54873
1 55021
1827
0 160386
1 160602
1828
0 267074
1 267267
1829
0 370523
1 381761
1830
0 473793
1 473983
1831
0 579756
1 579953
1832
0 684924
1 685142
1833
0 788895
1 789074
1834
0 895652
1 895839
1835
0 1000360
1 1000531
1836
0 1104148
1 1104333
1837
0 1206281
1838
0 1311116
1839
0 1418871
1840
0 1525824
1841
0 1631469
1 1631642
1842
0 1731641
1 1731848
1843
0 1835757
1844
0 1941063
1 1941237
1845
0 2047698
1 2047883
1846
0 56682
1 56875
1847
0 162056
1 162279
1848
0 270755
1849
0 374186
1 374379
1850
0 477455
1851
0 584524
1 584698
1852
0 691629
1853
0 796212
1 796392
1854
0 902255
1855
0 1007808
1 1007980
1856
0 1116198
1 1116390
1857
0 1223644
1858
0 1329876
1859
0 1435461
1 1435127
1860
0 1543092
1 1543283
1861
0 1646761
1 1646950
1862
0 1753536
1 1753730
1863
0 1857506
1 1857698
1864
0 1961152
1 1961328
1865
0 2069192
1866
0 77731
1867
0 184558
1 184705
1868
0 287408
1 287590
1869
0 391952
1 392159
1870
0 496786
1 496956
1871
0 601208
1 601406
1872
0 705993
1873
0 808421
1 808594
1874
0 911874
1 912065
1875
0 1014230
1876
0 1118436
1877
0 1228546
1878
0 1329549
1879
0 1435094
1 1435258
1880
0 1543453
1881
0 1648637
1 1648815
1882
0 1752828
1 1753006
1883
0 1855564
1 1855748
1884
0 1959547
1885
0 2067721
1 2067901
1886
0 78167
1 78359
1887
0 185751
1 185938
1888
0 290662
1 290850
1889
0 399389
1 399557
1890
0 500818
1891
0 604855
1892
0 710389
1893
0 815163
1 815341
1894
0 921947
1895
1 1026200
0 1026818
1896
0 1136466
1 1136660
1897
0 1241843
1898
0 1347155
1899
0 1451378
1 1451559
1900
0 1558909
1 1559035
1901
0 1663862
1 1664041
1902
0 1769392
1 1769589
1903
0 1876899
1 1877109
1904
0 1982746
1905
0 2082972
1 2083146
1906
0 91657
1907
0 199417
1908
0 305672
1 305845
1909
0 409879
1 410095
1910
0 517273
1911
0 619540
1912
0 724738
1 724961
1913
0 828987
1914
0 936342
1 936528
1915
0 1040807
1916
1 1145945
0 1146609
1917
0 1251621
1918
0 1355979
1 1356154
1919
1 1463040
0 1463720
1920
0 1569906
1921
0 1675458
1 1675633
1922
0 1781175
1923
0 1886927
1 1887114
1924
0 1990339
1 1990525
1925
0 639
1 818
1926
0 106791
1 106963
1 149459
1927
0 213020
1928
0 316878
1929
0 422597
1930
0 527169
1931
0 632270
1 632454
1932
0 734540
1 734766
1933
0 836026
1 836178
1934
0 939015
1 939225
1935
0 1044245
1 1044421
1936
0 1147765
1 1147946
1937
0 1253538
1 1253706
1938
0 1356481
1939
0 1462145
1 1462342
1940
0 1562994
1941
0 1671123
1942
0 1774960
1 1775127
1943
0 1878329
1 1878527
1944
0 1983887
1 1984059
1945
0 2091346
1 2091534
1946
0 98586
1947
0 207516
1 207698
1948
0 312487
1949
0 416969
1 417153
1950
0 522241
1 522463
1951
0 626749
1 626922
1952
0 731123
1 731317
1953
0 836062
1 836151
1954
0 939282
1 939451
1955
0 1047104
1 1047287
1956
0 1151010
1957
0 1258190
1 1258422
1958
0 1361428
1 1361591
1959
0 1470491
1960
0 1577615
1 1577780
1961
0 1679264
1 1679444
1962
0 1784453
1 1784639
1963
0 1888486
1 1888674
1964
0 1993235
1 1993405
1965
0 1164
1966
0 105633
1 105779
1967
0 208180
1 208387
1968
0 315079
1 315273
1969
0 419083
1970
0 523498
1971
0 627439
1972
0 732052
1973
1 834573
0 835115
1974
0 938748
1975
0 1042655
1 1042863
1976
0 1146921
1977
1 1248574
0 1249264
1978
0 1353909
1979
0 1459154
1 1459326
1980
0 1564928
1981
0 1669354
1 1669537
1982
0 1774523
1 1774688
1983
0 1880254
1984
0 1986389
1 1986582
1985
0 2089575
1 2089789
1986
0 97419
1987
0 203312
1988
0 310830
1 311024
1989
0 416054
1 416197
1990
0 520539
1 520707
1991
0 629504
1992
0 733396
1993
0 838626
1 838837
1994
0 947027
1 947220
1995
1 1039227
0 1051022
1996
0 1158917
1997
1 1268662
0 1269330
1998
0 1373858
1 1374111
1999
0 1478542
2000
0 1587286
1 1587166
2001
0 1696418
1 1696636
2002
0 1805992
1 1806184
2003
0 1913524
2004
0 2019710
2005
0 26201
1 26386
2006
0 133181
2007
0 236666
1 236840
2008
0 341876
1 342048
2009
0 448772
2010
0 555835
2011
0 663285
1 663467
2012
0 772088
2013
0 876816
1 876979
2014
0 985260
1 984624
1 985411
2015
0 1088543
2016
0 1193690
1 1193874
2017
0 1297305
1 1297490
2018
0 1396719
1 1396905
2019
0 1500672
2020
0 1606574
1 1606779
2021
0 1710791
1 1710966
2022
0 1815271
1 1815477
2023
1 1920019
0 1920655
1 1920822
2024
0 2026819
1 2027001
2025
0 37303
1 37518
2026
0 144455
1 144639
2027
0 254062
2028
0 357897
2029
0 461977
1 461304
2030
0 570905
1 571090
2031
0 677040
1 676379
1 677069
2032
0 782931
2033
0 886069
2034
0 993302
2035
0 1099148
2036
0 1206617
1 1206795
2037
0 1311353
1 1311542
2038
0 1417534
1 1417702
2039
0 1519567
2040
0 1625630
1 1625795
2041
0 1731503
1 1731682
2042
0 1838230
1 1838412
1 1849581
2043
0 1946237
2044
0 2051961
2045
0 58977
1 59159
2046
0 160743
1 160965
2047
0 262844
1 263022
2048
0 369925
1 370072
2049
0 477655
2050
0 582381
2051
0 686956
1 687139
2052
0 793026
2053
1 889205
0 900409
2054
0 1007263
1 1007459
2055
0 1117589
1 1117783
2056
0 1224056
2057
0 1333237
1 1333409
2058
0 1437783
1 1437986
2059
0 1543212
2060
0 1647969
2061
0 1752767
1 1752961
2062
0 1858911
2063
0 1962316
2064
0 2068147
1 2068379
2065
0 76696
2066
0 183485
1 183628
2067
0 288961
1 289162
2068
0 394490
1 394677
2069
0 499784
2070
0 612407
2071
0 716383
1 716568
2072
0 817543
1 817701
2073
0 921826
1 922007
2074
0 1028205
1 1028390
2075
0 1131364
2076
0 1233645
1 1233927
2077
0 1338317
1 1338531
2078
0 1443114
1 1443297
2079
0 1545712
2080
0 1651102
1 1651283
1 1677062
2081
0 1756605
2082
0 1861887
14 1864526
2083
0 1963900
1 1964041
2084
0 2068106
1 2068276
2085
0 78970
2086
0 185561
2087
0 289893
1 290081
2088
0 392839
2089
0 499172
1 499356
2090
0 602147
2091
0 709245
1 709408
2092
0 815672
2093
0 921360
1 921524
2094
0 1024234
2095
0 1126857
1 1127027
2096
0 1234321
2097
0 1338783
1 1338963
2098
0 1441716
1 1441899
2099
0 1549362
1 1548768
1 1549551
2100
0 1656927
1 1656690
2101
0 1761838
2102
0 1866097
2103
0 1970783
1 1989273
2104
0 2075092
1 2075278
2105
0 82939
1 83150
2106
0 189975
2107
0 297125
1 297318
2108
0 401363
1 401535
2109
0 509193
2110
0 613944
2111
0 718343
2112
0 826743
1 826932
2113
0 931010
1 931194
2114
0 1037488
1 1037668
2115
0 1143475
1 1143662
2116
0 1244718
1 1244881
2117
0 1350262
2118
0 1451553
2119
0 1555166
1 1555339
2120
0 1661529
1 1661717
2121
0 1765875
1 1766073
2122
0 1873039
2123
0 1977126
1 1977314
2124
0 2078692
2125
0 90255
1 90448
2126
0 198840
1 199014
2127
0 306102
1 306306
2128
0 411345
2129
0 514051
1 514209
2130
0 617634
1 617815
2131
0 721541
1 721726
2132
0 826397
1 826575
2133
0 933129
1 933325
2134
0 1043095
1 1043287
2135
0 1148361
1 1173549
2136
0 1255219
2137
0 1361940
1 1362096
2138
0 1467896
2139
0 1573532
1 1573741
2140
0 1678822
2141
0 1786142
1 1786345
2142
0 1891247
2143
0 1996882
1 1997062
2144
0 3319
1 3518
2145
0 109014
2146
0 214917
1 215105
2147
0 320408
2148
0 427669
2149
0 528833
1 529010
2150
0 634743
2151
0 740093
1 740264
2152
0 845927
1 846129
2153
0 951547
2154
0 1054520
1 1054675
2155
0 1158931
1 1159122
2156
0 1260384
2157
0 1366535
1 1366692
2158
0 1472341
2159
0 1579255
2160
0 1686341
2161
0 1787141
2162
0 1888134
1 1888343
2163
0 1994463
2164
0 4249
1 4430
14 23753
2165
0 108563
1 108747
2166
0 215201
1 215398
2167
0 320946
2168
0 426059
2169
0 532279
1 532462
2170
0 638811
2171
0 743895
2172
0 848828
1 849016
2173
1 954459
0 955107
2174
0 1057980
1 1058190
2175
0 1163840
2176
0 1264405
2177
0 1372629
2178
0 1475154
1 1475329
2179
0 1582662
1 1582825
2180
0 1688742
1 1688915
2181
0 1793170
1 1793334
2182
0 1899980
1 1900140
2183
0 2004918
2184
0 16379
1 16570
2185
0 119760
2186
0 226035
1 226235
2187
0 327943
2188
0 431817
2189
0 535947
2190
1 635262
0 643656
1 643855
2191
0 748689
1 748801
2192
0 851513
1 851708
2193
0 954012
2194
0 1057053
1 1057235
2195
0 1162028
1 1162219
2196
0 1266916
2197
0 1369327
1 1369533
2198
0 1473968
1 1474174
2199
0 1577514
1 1577703
2200
0 1684464
2201
0 1790967
2202
0 1897895
1 1898094
2203
0 2004465
1 2004672
2204
0 13452
1 13683
2205
0 121554
1 121737
2206
0 221505
1 221692
2207
0 325392
2208
0 432820
1 432566
2209
0 536127
1 536290
2210
0 640744
1 640976
2211
0 747181
1 747323
2212
0 849911
1 850083
2213
0 957762
2214
0 1063563
1 1063741
2215
0 1173346
2216
0 1282146
1 1281454
2217
0 1384865
2218
0 1490551
1 1490753
2219
0 1593391
2220
0 1703007
1 1703144
2221
0 1806625
2222
0 1907977
1 1908181
2223
0 2014517
1 2014726
2224
0 22943
2225
0 126058
2226
0 227368
2227
0 331594
2228
0 438000
1 438180
2229
0 542366
2230
0 648186
2231
0 752643
1 752815
2232
0 856514
2233
0 961256
2234
0 1068781
1 1068955
2235
0 1176341
2236
0 1283920
1 1284133
2237
0 1390656
1 1390854
2238
0 1497460
1 1497635
2239
0 1603568
2240
0 1709444
1 1709647
2241
0 1814160
2242
0 1918046
1 1918248
2243
0 2026199
1 2026405
1 2041712
2244
0 35337
1 35519
2245
0 139475
2246
0 247709
1 247890
2247
0 355346
1 355524
2248
0 465158
2249
0 570130
1 570331
2250
0 675835
2251
0 782554
1 782732
2252
0 889948
1 890127
2253
0 992630
1 992811
2254
0 1097999
1 1098166
2255
0 1202453
1 1202644
2256
0 1309470
1 1309648
2257
0 1413537
2258
0 1521200
1 1521395
2259
0 1626695
2260
0 1732732
2261
0 1841218
2262
0 1945136
1 1945300
2263
0 2047635
1 2047824
2264
0 58008
1 58188
2265
0 163960
1 164162
2266
0 269487
1 269669
2267
0 372823
1 372976
2268
0 475969
2269
0 582042
1 582251
2270
0 686763
1 686943
2271
0 791304
2272
0 893990
1 894187
2273
0 1003059
1 1003222
2274
0 1109365
1 1109543
2275
0 1217318
1 1217527
2276
0 1323300
1 1323445
2277
0 1431287
1 1432040
2278
0 1539655
1 1539861
2279
0 1642711
1 1642899
2280
0 1751046
1 1751242
2281
0 1855719
2282
0 1966031
1 1966212
2283
0 2073620
1 2073736
2284
0 83366
2285
0 192014
2286
0 298088
1 298168
2287
0 406193
1 406405
2288
0 510259
1 510439
2289
0 618050
1 618240
2290
0 724753
1 725016
2291
0 830498
2292
0 935589
2293
0 1040718
1 1040919
2294
0 1145140
2295
0 1251469
2296
0 1357883
1 1358076
2297
0 1461562
1 1460879
2298
0 1567544
2299
0 1671513
2300
0 1775300
1 1775470
2301
0 1878339
1 1878551
2302
0 1982504
1 1982726
2303
0 2087380
1 2087558
2304
0 98423
1 98612
2305
0 202475
1 202578
2306
0 305351
1 305530
2307
0 409598
1 409789
2308
0 516367
2309
0 624329
2310
0 732809
2311
0 842811
2312
0 950788
1 950955
2313
0 1056264
1 1056456
2314
0 1160393
1 1159708
2315
0 1267353
1 1267531
2316
0 1373768
1 1373963
2317
0 1481506
1 1481709
2318
0 1584238
1 1584421
2319
0 1688216
1 1688393
2320
0 1796767
2321
0 1902918
1 1903141
2322
0 2009351
1 2009534
2323
0 18483
1 18678
2324
0 125448
2325
0 230341
1 230547
2326
0 335653
1 335830
2327
0 445577
2328
0 552213
1 552484
14 543587
2329
0 657538
2330
0 758349
1 758538
2331
0 864653
1 864840
2332
0 969567
1 969740
2333
0 1076355
1 1076533
2334
0 1180379
2335
0 1287700
2336
0 1394637
2337
0 1500675
2338
0 1608160
1 1608327
2339
0 1714324
1 1714511
1 1721713
2340
0 1822132
1 1822338
2341
0 1928701
2342
0 2031023
1 2031192
2343
0 44044
1 44225
2344
0 150467
2345
0 258485
2346
0 364256
1 364461
2347
0 470275
1 470478
2348
0 578347
1 578516
2349
0 683878
1 684112
2350
0 787662
1 787847
2351
0 891678
1 891847
2352
0 996986
1 997196
2353
0 1105947
1 1106164
2354
0 1210627
1 1210905
2355
0 1313920
1 1314034
2356
0 1419971
2357
0 1527799
1 1527988
2358
0 1634644
2359
0 1741963
1 1742137
2360
0 1849586
2361
0 1956596
1 1956769
2362
0 2062196
1 2062376
2363
0 73726
1 73950
2364
1 180562
0 180649
2365
0 288669
1 288866
2366
1 390250
0 390963
2367
0 494809
2368
0 602087
2369
0 706217
2370
0 814365
1 814566
2371
0 919258
2372
0 1023937
2373
0 1133983
2374
0 1241530
1 1241721
2375
0 1348018
1 1348238
2376
0 1452383
1 1452593
2377
0 1558848
1 1559021
2378
0 1664477
2379
0 1770071
1 1770240
2380
0 1874346
2381
0 1979585
1 1979652
2382
0 2080219
1 2080403
2383
0 87729
1 95570
2384
0 193688
1 193874
2385
0 298260
1 297699
2386
0 402740
1 402960
2387
0 508877
1 509052
2388
0 612163
1 612343
2389
0 714331
2390
0 816210
2391
0 921707
2392
0 1026202
2393
0 1133016
2394
0 1238894
2395
0 1343138
2396
0 1449365
1 1449406
2397
0 1557738
1 1557912
2398
0 1659926
1 1660101
2399
0 1767767
2400
0 1869208
1 1869384
2401
0 1974658
1 1982652
2402
0 2080855
1 2081028
2403
0 89670
1 89857
2404
0 193068
2405
0 299211
2406
0 406137
1 406334
2407
0 513071
1 513300
2408
0 621954
2409
0 730017
1 730203
2410
0 834051
1 834215
2411
0 937165
2412
0 1046176
1 1046376
2413
0 1153891
1 1154076
2414
0 1257732
2415
0 1362720
1 1362917
2416
0 1469579
1 1469752
2417
0 1574245
2418
0 1683003
2419
0 1790349
2420
0 1895662
1 1895839
2421
0 2003455
1 2003631
2422
0 13090
2423
0 119259
1 119458
2424
0 225777
1 225969
1 226415
2425
0 332318
2426
0 438239
1 438438
2427
0 543005
2428
0 647995
2429
0 748546
2430
0 850887
1 851070
2431
0 956450
2432
0 1060731
1 1060948
2433
0 1166111
2434
0 1269551
1 1269729
2435
0 1370633
1 1370819
2436
0 1478401
1 1478591
2437
0 1583707
2438
0 1689105
1 1689279
2439
0 1793863
1 1794048
2440
0 1898061
2441
0 2002475
1 2002652
2442
0 10720
2443
0 115261
1 115429
2444
0 220512
2445
0 322777
1 323872
2446
0 425583
2447
0 532248
1 532438
2448
0 637415
