0
1 589767
2 590172
0 591136
1
1 596797
2 597169
0 598135
2
1 1415090
2 1415386
0 1416361
3
1 351637
2 351928
0 352905
4
1 1800587
2 1800918
0 1801888
5
1 785476
2 785791
0 786764
6
1 614102
2 614386
0 615363
7
1 1051078
2 1051377
0 1052352
8
1 336523
2 336957
0 337921
9
1 1508341
2 1508619
0 1509592
10
1 1710681
0 1712019
11
1 1412611
2 1412969
0 1413936
12
1 147015
2 147331
0 148305
13
1 518332
2 518658
0 519629
14
1 1046717
2 1047005
0 1047982
15
1 672870
2 673120
0 674093
16
1 7548
2 7371
0 8561
17
1 1432259
2 1432585
0 1433556
18
0 469934
2 468360
19
1 419880
2 420158
0 421134
20
1 1129633
2 1129905
0 1130879
21
1 639835
2 640062
0 641031
22
1 1858515
2 1858756
0 1859728
23
1 1312166
2 1312420
0 1313392
24
1 1954924
2 1955262
0 1956231
25
1 2028832
0 2030155
26
1 521492
2 521825
0 522797
27
1 44087
2 44291
0 45254
28
1 78892
2 79153
0 80126
29
1 857972
2 858259
0 859237
14 850721
30
1 508173
2 508498
0 509471
31
1 865397
2 865705
0 866679
32
1 2040690
2 2040757
0 2041715
33
1 1545378
2 1545707
0 1546679
34
1 799005
2 799421
0 800385
35
1 1388005
2 1388239
0 1389209
36
1 1399523
2 1399820
0 1400795
37
1 825295
2 825579
0 826552
38
1 518045
2 518329
0 519304
39
1 219443
2 219752
0 220725
40
1 782970
2 783240
0 784214
41
1 237240
2 237630
0 238592
42
1 720795
2 721131
0 722101
43
1 1779301
2 1779625
0 1780598
44
1 53484
2 53694
0 54662
45
1 946683
2 946936
0 947911
46
1 113066
2 113358
0 114334
47
1 2039043
2 2039387
0 2040356
48
1 967157
2 967581
0 968545
49
1 988492
2 988767
0 989742
50
1 420370
2 420657
0 421633
51
1 85697
2 85911
0 86880
52
1 1037807
2 1038121
0 1039093
53
1 381551
2 381874
0 382847
54
1 737253
2 737564
0 738538
55
1 986529
2 986819
0 987794
56
1 1790779
2 1791117
0 1792087
57
1 1959066
2 1959309
0 1960280
58
1 460203
2 460360
0 461314
59
1 1021608
2 1021954
0 1022924
60
1 973950
2 974328
0 975293
61
1 1917893
2 1918303
0 1919268
62
1 1883762
2 1884211
0 1885177
63
1 1185740
2 1186114
0 1187080
64
1 938917
2 939160
0 940130
65
1 5095
2 5408
0 6382
66
1 288819
2 289071
0 290043
67
1 1471706
2 1471991
0 1472966
68
1 138060
2 138379
0 139353
69
1 391369
2 391627
0 392599
70
1 905845
2 906051
0 907018
71
1 1266355
2 1266708
0 1267675
72
1 66514
2 66815
0 67791
73
1 1653379
2 1653729
0 1654697
74
1 114789
2 115214
0 116179
75
1 865202
2 865607
0 866569
76
1 64626
2 64893
0 65868
77
1 1038965
2 1039344
0 1040310
78
1 495225
2 495485
0 496460
79
1 906177
2 906449
0 907422
80
1 72426
2 72782
0 73748
81
1 1271828
2 1272100
0 1273075
82
1 398710
2 398949
0 399920
83
1 209604
2 209999
0 210960
84
1 564919
2 565243
0 566215
85
1 131711
2 131892
0 132849
86
1 744067
2 744338
0 745314
87
1 1936855
2 1937135
0 1938108
88
1 2071794
2 2072104
0 2073077
89
1 791382
2 791706
0 792679
90
1 1028925
2 1029263
0 1030233
91
1 482242
2 482625
0 483589
92
1 62434
2 62743
0 63718
93
1 349505
2 349714
0 350679
94
1 1970624
2 1970906
0 1971880
95
1 307203
2 307504
0 308479
96
1 1353624
2 1353874
0 1354847
97
1 890435
2 890788
0 891757
98
1 518708
2 519024
0 519997
99
1 369001
2 369260
0 370235
100
1 650502
2 650797
0 651771
101
1 1651584
2 1651865
0 1652841
102
1 1520954
2 1521273
0 1522246
103
1 1574641
2 1574923
0 1575897
104
1 1447677
2 1448016
0 1448985
105
1 1544487
2 1544649
0 1545603
106
1 375821
2 376135
0 377109
107
1 73879
2 74190
0 75165
108
1 2007438
2 2007806
0 2008772
109
1 969617
2 969974
0 970941
110
1 590140
2 590446
0 591420
111
1 50176
2 50512
0 51482
112
1 1974275
2 1974520
0 1975492
113
1 376563
2 376867
0 377842
114
1 667599
2 667922
0 668894
115
1 3767
2 3857
0 4808
116
1 1569560
2 1569927
0 1570892
117
1 1657327
2 1657611
0 1658584
118
1 1960868
2 1961118
0 1962089
119
1 373194
2 373435
0 374406
120
1 1820816
2 1821122
0 1822097
121
1 1410368
2 1410657
0 1411633
122
1 1107693
2 1107977
0 1108951
123
1 1825597
2 1825876
0 1826847
124
1 267441
2 267788
0 268757
125
1 1516314
2 1516578
0 1517552
126
1 863897
0 865192
127
1 1027501
2 1027768
0 1028743
128
1 442587
2 442877
0 443853
129
1 1191785
2 1192175
0 1193138
130
1 1446286
2 1446654
0 1447620
131
1 2062541
0 2063846
132
1 341218
2 341481
0 342457
133
1 1998429
2 1998694
0 1999667
134
1 53883
2 54139
0 55111
135
1 1410225
2 1410513
0 1411488
136
1 1598403
2 1598759
0 1599728
137
1 1725800
2 1726152
0 1727120
138
1 212046
2 212323
0 213296
139
1 1957880
2 1958184
0 1959158
140
1 401925
2 402187
0 403158
141
1 407806
2 408190
0 409154
142
1 1067919
2 1068254
0 1069225
143
1 1581728
2 1581980
0 1582954
144
1 1665127
2 1665545
0 1666510
145
1 1131057
2 1131274
0 1132240
146
1 281387
2 281705
0 282677
147
1 970432
2 970772
0 971741
148
1 23035
2 23304
0 24279
149
1 617769
2 617891
0 618845
150
1 106723
2 106984
0 107958
151
1 630082
2 630305
0 631274
152
1 1307946
2 1308213
0 1309187
153
1 852476
2 852694
0 853662
154
1 1219103
2 1219452
0 1220421
155
1 1681885
2 1682218
0 1683187
156
1 1087641
2 1087989
0 1088958
157
1 154777
0 156139
158
1 198873
2 199631
0 200600
159
1 1558448
2 1558829
0 1559795
160
1 1233376
0 1234600
161
1 387187
2 387562
0 388528
162
1 1017356
2 1017643
0 1018617
163
1 805757
2 806176
0 807139
164
1 1687374
0 1688637
165
1 18402
2 18702
0 19676
166
1 527000
2 527260
0 528236
167
1 1217505
2 1217793
0 1218768
168
1 2060581
2 2061014
0 2061979
169
1 115651
2 115905
0 116875
170
1 708429
2 708901
0 709870
171
1 170951
2 171215
0 172188
172
1 1022054
2 1022455
0 1023418
173
1 544875
2 545150
0 546126
174
1 1149583
2 1149860
0 1150835
175
1 1992271
2 1992639
0 1993604
176
1 226247
2 226642
0 227605
177
1 1895490
2 1895691
0 1896655
178
1 1363402
2 1363784
0 1364746
179
1 732310
2 732644
0 733615
180
1 1118157
2 1118493
0 1119462
181
1 1945604
2 1945903
0 1946881
182
1 1523165
2 1523549
0 1524513
183
1 95306
2 95630
0 96603
184
1 1139039
2 1139292
0 1140264
185
1 905115
2 905398
0 906371
186
1 1273290
2 1273521
0 1274493
187
1 1639942
2 1640205
0 1641179
188
1 933250
2 933580
0 934552
189
1 139070
2 139354
0 140329
190
1 1302795
2 1303113
0 1304086
191
1 1202607
2 1202947
0 1203916
192
1 580041
2 580363
0 581334
193
1 1571279
2 1571572
0 1572549
194
1 723460
2 723738
0 724711
195
1 1564427
2 1564673
0 1565645
196
1 1971829
2 1972133
0 1973107
197
1 1294499
2 1294800
0 1295774
198
1 704733
2 705033
0 706009
199
1 748000
2 748421
0 749385
200
1 1278438
2 1278690
0 1279659
201
1 200963
2 201271
0 202244
202
1 1036583
2 1036985
0 1037947
203
1 270992
2 271295
0 272269
204
1 1007371
2 1007677
0 1008651
205
1 1084477
2 1084884
0 1085847
206
1 435280
2 435608
0 436580
207
1 1439660
2 1440007
0 1440977
208
1 1732813
2 1733172
0 1734139
209
1 1672510
2 1672823
0 1673798
210
1 840643
2 840963
0 841935
211
1 114455
2 114755
0 115728
212
1 2053083
2 2053437
0 2054404
213
1 353290
2 353635
0 354602
214
1 1395946
2 1396270
0 1397243
215
1 399278
0 400577
216
1 259000
2 259298
0 260273
217
1 622321
2 622620
0 623594
218
1 1943173
2 1943500
0 1944472
219
1 555130
2 555440
0 556416
220
1 348483
2 348764
0 349739
221
1 963253
2 963446
0 964406
222
1 383510
2 383756
0 384727
223
1 606390
2 606731
0 607700
224
1 1110994
2 1111352
0 1112319
225
1 1740092
2 1740401
0 1741378
226
1 159002
2 159343
0 160312
227
1 1635916
2 1636198
0 1637171
228
1 924507
2 924843
0 925812
229
1 1624378
2 1624698
0 1625671
230
1 723768
2 724084
0 725056
231
1 1146100
2 1146408
0 1147381
232
1 430310
2 430409
0 431360
233
1 800071
2 800349
0 801324
234
1 1457811
2 1458071
0 1459043
235
1 467648
2 467893
0 468864
236
1 93479
2 93757
0 94731
237
1 1319786
2 1320081
0 1321057
238
1 1253157
2 1253430
0 1254403
239
1 305931
2 305953
0 306929
240
1 5409
2 5740
0 6711
241
1 500906
0 502154
242
1 931677
2 931885
0 932850
243
1 890174
2 890559
0 891523
244
1 1396565
2 1396911
0 1397879
245
1 554642
2 554968
0 555941
246
1 982302
2 982599
0 983575
247
1 747090
2 747355
0 748329
248
1 2002126
2 2002390
0 2003363
249
1 155352
2 155676
0 156647
250
1 694985
2 695269
0 696245
251
1 1097867
2 1098205
0 1099175
252
1 1236370
0 1237609
253
1 810117
2 810465
0 811434
254
1 742120
2 742384
0 743359
255
1 639235
2 639570
0 640540
256
1 2013081
0 2014205
257
1 1140649
2 1140979
0 1141949
258
1 461702
2 461999
0 462972
259
1 832943
2 833301
0 834268
260
1 669635
2 670063
0 671028
261
1 1357684
2 1358005
0 1358978
262
1 34727
2 35035
0 36010
263
1 483549
2 483879
0 484851
264
1 1447952
2 1448321
0 1449287
265
1 2055311
2 2055645
0 2056617
266
1 861742
2 862112
0 863078
267
1 805952
2 806021
0 806978
268
1 1722753
2 1723128
0 1724093
269
1 255627
2 256308
0 257278
270
1 693969
2 694263
0 695238
271
1 184146
2 184436
0 185410
272
1 1194080
2 1194392
0 1195366
273
1 1488245
2 1488596
0 1489564
274
1 1515307
2 1515590
0 1516563
275
1 1697933
2 1698401
0 1699371
276
1 1948717
2 1949089
0 1950056
277
1 1903832
2 1904184
0 1905154
278
1 691220
2 691557
0 692528
279
1 1344299
2 1344598
0 1345573
280
1 1812370
2 1812920
0 1813890
281
1 1936788
2 1936702
0 1937790
282
1 770935
2 771226
0 772201
283
1 2032805
2 2033291
0 2034261
284
1 1338765
2 1339111
0 1340079
285
1 535727
2 536087
0 537054
286
1 1504943
2 1505219
0 1506194
287
1 1715648
2 1715971
0 1716943
288
1 1547039
2 1547355
0 1548326
289
1 577142
2 577458
0 578432
290
1 2052484
2 2052835
0 2053803
291
1 2031357
2 2031641
0 2032615
292
1 1736365
2 1736723
0 1737689
293
1 149814
2 150067
0 151039
294
1 29235
2 29585
0 30552
295
1 1504787
2 1505102
0 1506078
296
1 1323017
2 1323425
0 1324389
297
1 765789
2 766111
0 767082
298
1 1246249
2 1246812
0 1247781
299
1 1423586
2 1423901
0 1424874
300
1 1139181
2 1139523
0 1140492
301
1 1542800
2 1543044
0 1544017
302
1 1513870
2 1514125
0 1515099
303
1 1151869
2 1152203
0 1153172
304
1 1337226
2 1337559
0 1338529
305
1 2018505
2 2018781
0 2019755
306
1 662034
2 662315
0 663289
307
1 1559385
2 1559671
0 1560644
308
1 670551
2 670887
0 671855
309
1 281932
2 282338
0 283301
310
1 724822
2 725164
0 726133
311
1 1942894
2 1943216
0 1944189
312
1 126968
2 127268
0 128243
313
1 460209
2 460525
0 461499
314
1 674215
2 674391
0 675347
315
1 1744417
2 1744666
0 1745637
316
1 520558
2 520855
0 521831
317
1 65685
2 65970
0 66945
318
1 1569019
2 1569216
0 1570178
319
1 464150
2 464509
0 465476
320
1 1200869
2 1201049
0 1202006
321
1 935628
2 935939
0 936912
322
1 489083
2 489445
0 490413
323
1 1636774
2 1636965
0 1637924
324
1 556636
2 556895
0 557867
325
1 689076
2 689392
0 690366
326
1 2002985
2 2003248
0 2004220
327
1 211166
2 211544
0 212508
328
1 1758603
2 1758897
0 1759873
329
1 982473
2 982767
0 983741
330
1 991064
2 991371
0 992346
331
1 1954681
2 1954946
0 1955918
332
1 492489
2 492716
0 493687
333
1 894182
2 894498
0 895472
334
1 1815823
0 1817038
335
1 1045576
2 1045870
0 1046846
336
1 1586137
2 1586430
0 1587406
337
1 142192
2 142525
0 143495
338
1 505898
2 506217
0 507189
339
1 291381
2 291729
0 292698
340
1 876242
2 876514
0 877492
341
1 121443
2 121749
0 122723
342
1 1799014
2 1799369
0 1800335
343
1 1528952
2 1529340
0 1530304
344
1 362121
2 362479
0 363446
345
1 1717206
2 1717610
0 1718573
346
1 1214846
2 1215080
0 1216052
347
1 1292050
2 1292297
0 1293268
348
1 633962
2 634253
0 635231
349
1 548626
2 548935
0 549906
350
1 1925301
2 1925557
0 1926531
351
1 1197409
2 1197825
0 1198788
352
1 1182326
2 1182645
0 1183618
353
1 496467
2 496837
0 497801
354
1 1277499
2 1277886
0 1278850
355
1 140214
2 140531
0 141504
356
1 423086
2 423357
0 424330
357
1 224383
2 224721
0 225690
358
1 746407
2 746661
0 747632
359
1 172304
2 172632
0 173603
360
1 2074605
2 2075749
0 2076714
361
1 93228
2 93633
0 94597
362
1 346691
2 346979
0 347953
363
1 1130627
2 1130977
0 1131945
364
1 1412668
2 1413027
0 1413994
365
1 464015
2 464396
0 465361
366
1 1077180
2 1077557
0 1078522
367
1 274398
2 274588
0 275546
368
1 731685
2 732036
0 733004
369
1 161350
2 161632
0 162610
370
1 1606789
2 1607090
0 1608065
371
1 21474
2 21812
0 22782
372
1 136353
2 136676
0 137646
373
1 1308055
2 1308336
0 1309310
14 1292956
374
1 2046113
2 2046442
0 2047412
375
1 1696361
0 1697489
376
1 1321215
2 1321559
0 1322529
377
1 614592
0 615836
378
1 2094311
2 2094581
0 2095556
379
1 1738892
2 1739187
0 1740163
380
1 1912210
2 1912522
0 1913495
381
1 1337373
2 1337664
0 1338640
382
1 732694
2 732980
0 733957
383
1 1822683
2 1823216
0 1824186
384
1 849696
2 850036
0 851003
385
1 561122
2 561386
0 562357
386
1 2072890
2 2073273
0 2074237
387
1 1085745
2 1086069
0 1087041
388
1 411510
2 411775
0 412748
389
1 269019
2 269326
0 270300
390
1 289116
2 289402
0 290378
391
1 546678
2 546978
0 547952
392
1 1839629
2 1839928
0 1840902
393
1 1474845
2 1475168
0 1476140
394
1 235859
2 236154
0 237130
395
1 427098
2 427423
0 428396
396
1 1602956
2 1603197
0 1604168
397
1 796758
2 797079
0 798053
398
1 1963958
2 1964283
0 1965254
399
1 992050
2 992361
0 993333
400
1 2041598
2 2041887
0 2042862
401
1 661731
2 662032
0 663006
402
1 1555551
2 1555774
0 1556745
403
1 1888156
2 1888445
0 1889417
404
1 1498779
2 1499134
0 1500103
405
1 1999966
2 2000180
0 2001147
406
1 895671
2 895973
0 896949
407
1 1193406
2 1193728
0 1194700
408
1 213383
2 213739
0 214707
409
1 2080307
2 2080590
0 2081567
410
1 858059
2 858355
0 859329
411
1 495419
2 495658
0 496629
412
1 324562
2 324786
0 325755
413
1 670866
2 671213
0 672182
414
1 1856884
2 1857253
0 1858219
415
1 1076077
2 1076406
0 1077376
416
1 283559
2 283837
0 284809
417
1 795188
0 796479
418
1 444834
2 445168
0 446139
419
1 206573
2 206875
0 207849
420
1 894735
2 895074
0 896042
421
1 287089
2 287399
0 288374
422
1 489850
2 490196
0 491164
423
1 931402
2 931745
0 932716
424
1 1601023
2 1601284
0 1602257
425
1 1912818
2 1913210
0 1914173
426
1 1098615
2 1098867
0 1099838
427
1 1793861
2 1794209
0 1795175
428
1 246456
2 246729
0 247705
429
1 63724
2 64020
0 64996
430
1 1920215
2 1920501
0 1921477
431
1 630906
2 631215
0 632189
432
1 51776
2 52064
0 53039
433
1 660654
2 660950
0 661925
434
1 1929188
2 1929506
0 1930479
435
1 821159
2 821453
0 822428
436
1 11153
2 11523
0 12489
437
1 1634899
2 1635244
0 1636214
438
1 847344
2 847687
0 848657
439
1 1524556
2 1524905
0 1525871
440
1 10059
2 10377
0 11350
441
1 1130113
2 1130512
0 1131475
442
1 1906229
2 1906481
0 1907452
443
1 1118334
2 1118610
0 1119585
444
1 1352608
2 1352955
0 1353922
445
1 408521
2 408795
0 409770
446
1 1971567
2 1971935
0 1972899
447
1 438180
2 438469
0 439444
448
1 905590
2 905919
0 906889
449
1 1891622
2 1891917
0 1892892
450
1 844281
2 844603
0 845575
451
1 543662
2 544139
0 545107
452
1 1089458
2 1089643
0 1090600
453
1 494057
2 494295
0 495267
454
1 501105
2 501377
0 502351
455
1 1483673
2 1483972
0 1484945
456
1 1874930
2 1875179
0 1876150
457
1 17573
2 17729
0 18683
458
1 993528
2 993863
0 994834
459
1 1613351
2 1613688
0 1614657
460
1 1566585
2 1566891
0 1567866
461
1 2071661
2 2072030
0 2072996
462
1 22509
2 22763
0 23736
463
1 705377
2 705760
0 706725
464
1 1692256
2 1692592
0 1693563
465
1 1752923
2 1753191
0 1754165
466
1 1432892
2 1433185
0 1434163
467
1 4742
2 5162
0 6125
468
1 2080351
2 2080627
0 2081602
469
1 626889
2 627191
0 628166
470
1 267149
2 267458
0 268433
471
1 1984453
2 1984774
0 1985747
472
1 1011288
2 1011612
0 1012586
473
1 640468
2 640509
0 641474
474
1 1282490
2 1282812
0 1283784
475
1 522491
2 522804
0 523778
476
1 1869864
2 1870096
0 1871065
477
1 71666
2 71952
0 72927
478
1 2083058
2 2083339
0 2084315
479
1 1492467
2 1492780
0 1493752
480
1 381168
2 381412
0 382383
481
1 1356619
2 1356880
0 1357852
482
1 382153
2 382410
0 383383
483
1 916328
2 916703
0 917666
484
1 1523929
2 1524221
0 1525196
485
1 733482
2 733834
0 734800
486
1 1979648
2 1980052
0 1981015
487
1 1357710
0 1358957
488
1 1036230
2 1036545
0 1037520
489
1 1155078
2 1155469
0 1156432
490
1 182378
2 182627
0 183601
491
1 1767583
2 1767899
0 1768873
492
1 1756549
2 1756797
0 1757767
493
1 1796604
2 1796931
0 1797901
494
1 237252
2 237609
0 238576
495
1 1258773
2 1259158
0 1260124
496
1 698205
2 698545
0 699515
497
1 1367663
2 1367948
0 1368924
498
1 1883167
2 1883500
0 1884470
499
1 1305061
2 1305280
0 1306249
500
1 1507671
2 1508013
0 1508982
501
1 1800073
2 1800436
0 1801402
502
1 1469119
2 1469495
0 1470459
503
1 1444310
2 1444574
0 1445547
504
1 2052692
2 2052913
0 2053883
505
1 228206
2 228444
0 229416
506
1 844153
2 844469
0 845442
507
1 533812
2 534076
0 535049
508
1 1255876
2 1256243
0 1257208
509
1 1141121
2 1141441
0 1142414
510
1 1494975
2 1495291
0 1496263
511
1 331214
2 331547
0 332517
512
1 296196
2 296476
0 297450
513
1 1754290
2 1754619
0 1755592
514
1 433591
2 433882
0 434856
515
1 1843474
2 1843695
0 1844664
516
1 55157
2 55474
0 56446
517
1 1644067
2 1644360
0 1645335
518
1 1769409
2 1769681
0 1770655
519
1 1733123
2 1733397
0 1734370
520
1 1569564
2 1569847
0 1570819
521
1 1801946
2 1802232
0 1803207
522
1 1969815
2 1970100
0 1971074
523
1 879715
2 880085
0 881051
524
1 1276669
2 1277061
0 1278023
525
1 974219
2 974496
0 975470
526
1 847421
2 847734
0 848709
527
1 1548234
2 1548525
0 1549501
528
1 1928348
2 1928691
0 1929659
529
1 1346479
2 1346845
0 1347811
530
1 940429
2 940683
0 941655
531
1 650940
2 651227
0 652204
532
1 1667147
0 1668453
533
1 295940
2 296191
0 297165
534
1 1952009
2 1952192
0 1953151
535
1 1551963
2 1552284
0 1553257
536
1 1363358
2 1363644
0 1364619
537
1 783798
2 784115
0 785088
538
1 1916515
2 1916839
0 1917810
539
1 1077978
2 1078279
0 1079254
540
1 1904100
2 1904381
0 1905356
541
1 709196
2 709507
0 710480
542
1 812697
2 812956
0 813930
543
1 58968
2 59217
0 60190
14 28576
544
1 202576
2 202922
0 203890
545
1 1614273
2 1614497
0 1615467
546
1 1944182
2 1944265
0 1945217
547
1 589928
2 590213
0 591188
548
1 1266980
2 1267232
0 1268205
549
1 2096993
2 235
0 1198
550
1 366620
2 366920
0 367896
551
1 213675
0 214989
552
1 1314177
2 1314510
0 1315480
553
1 973429
0 974704
554
1 2004908
2 2005174
0 2006146
555
1 531599
2 532025
0 532988
556
1 788985
2 789254
0 790228
557
1 1424830
2 1425114
0 1426088
558
1 1226892
2 1227175
0 1228150
559
1 1916886
2 1917074
0 1918031
560
1 1462612
2 1463114
0 1464086
561
1 574763
2 575114
0 576083
562
1 211877
2 212156
0 213129
563
1 1805600
2 1806864
0 1807830
564
1 2000358
2 2000711
0 2001679
565
1 233625
2 233973
0 234942
566
1 870128
2 870503
0 871466
567
1 1620437
2 1620700
0 1621673
568
1 1747549
2 1747860
0 1748834
569
1 49639
2 49963
0 50935
570
1 742398
2 742742
0 743709
571
1 1283788
2 1284110
0 1285081
572
1 778871
2 779179
0 780153
573
1 405930
2 406302
0 407266
574
1 137325
2 137603
0 138578
575
1 168531
2 168804
0 169777
576
1 1771666
2 1771976
0 1772950
577
1 1328649
2 1328995
0 1329964
578
1 893136
2 893402
0 894375
579
1 691654
2 692064
0 693026
580
1 160781
2 161023
0 161993
581
1 1380629
2 1380935
0 1381911
582
1 1044489
2 1044775
0 1045748
583
1 443188
2 443574
0 444539
584
1 1002411
2 1002792
0 1003756
585
1 1960262
2 1960560
0 1961535
586
1 1830116
2 1830451
0 1831420
587
1 246879
2 247268
0 248230
588
1 1454730
2 1455026
0 1456002
589
1 1123730
2 1124021
0 1124997
590
1 1235968
2 1236261
0 1237235
591
1 465609
2 465906
0 466881
592
1 1397779
2 1398050
0 1399022
593
1 1016932
0 1018217
594
1 904522
2 904795
0 905769
595
1 31563
2 31887
0 32859
596
1 1695498
2 1695907
0 1696870
597
1 855058
2 855376
0 856350
598
1 172090
2 172344
0 173318
599
1 2038327
2 2038591
0 2039565
600
1 310816
2 311107
0 312085
601
1 862133
2 862477
0 863445
602
1 2011178
2 2011843
0 2012809
603
1 629340
2 629705
0 630670
604
1 2087111
2 2087405
0 2088379
605
1 2055999
2 2056304
0 2057278
606
1 856055
2 856312
0 857284
607
1 241226
2 241571
0 242540
608
1 1122975
2 1123283
0 1124260
609
1 222508
2 222792
0 223767
610
1 1509721
2 1510073
0 1511041
611
1 1541973
2 1542311
0 1543282
612
1 64328
2 64734
0 65697
613
1 1886967
2 1887280
0 1888254
614
1 229446
2 229750
0 230726
615
1 804473
2 804883
0 805844
616
1 281237
2 281518
0 282492
617
1 1643673
2 1644098
0 1645062
618
1 2018524
2 2018832
0 2019809
619
1 1642992
2 1643232
0 1644204
620
1 571168
2 571478
0 572451
621
1 1981091
2 1981426
0 1982397
622
1 1849875
2 1850150
0 1851124
623
1 1416559
2 1416955
0 1417917
624
1 905283
2 905583
0 906558
625
1 1119496
2 1119811
0 1120784
626
1 874588
2 875065
0 876035
627
1 174612
2 174908
0 175883
628
1 113260
2 113554
0 114530
629
1 544345
2 544672
0 545646
630
1 909073
2 909349
0 910323
631
1 1476172
2 1476499
0 1477473
632
1 632608
2 632877
0 633850
633
1 868589
2 868886
0 869862
634
1 529806
2 530161
0 531128
635
1 430501
2 430836
0 431805
636
1 485033
2 485318
0 486293
637
1 848805
2 849105
0 850079
638
1 61093
2 61424
0 62396
639
1 669604
2 669928
0 670901
640
1 77148
2 77443
0 78419
641
1 2066477
2 2066788
0 2067763
642
1 1815957
0 1817148
643
1 302553
2 302833
0 303807
644
1 63065
2 63344
0 64316
645
1 1948890
2 1949223
0 1950193
646
1 407430
2 407586
0 408540
647
1 724700
2 724993
0 725967
648
1 521185
2 521525
0 522495
649
1 603382
2 603663
0 604638
650
1 1632180
2 1632469
0 1633442
651
1 1147813
2 1148205
0 1149170
652
1 1671462
2 1671806
0 1672776
653
1 1915946
2 1916425
0 1917395
654
1 1961011
0 1962327
655
1 1373202
2 1373479
0 1374452
656
1 1487739
2 1488107
0 1489072
657
1 1824374
2 1824655
0 1825631
658
1 1790326
2 1790631
0 1791605
659
1 863058
2 863324
0 864296
660
1 1384203
2 1384485
0 1385456
661
1 1014712
2 1015061
0 1016030
662
1 1351589
2 1351857
0 1352830
663
1 1313783
2 1314090
0 1315064
664
1 844489
2 844809
0 845780
665
1 739806
0 741113
666
1 935447
2 935771
0 936743
667
1 1324171
2 1324477
0 1325452
668
1 1089221
2 1089580
0 1090544
669
1 399335
2 399600
0 400572
670
1 52853
2 53200
0 54171
671
1 1105210
2 1105479
0 1106453
672
1 3326
2 3663
0 4631
673
1 1393065
2 1393345
0 1394320
674
1 350654
2 350932
0 351909
675
1 716287
2 716636
0 717605
676
1 1567966
2 1568276
0 1569252
677
1 262484
2 262848
0 263813
678
1 1911430
2 1911833
0 1912796
679
1 1395511
2 1395843
0 1396814
680
1 783729
2 784039
0 785011
681
1 1929810
2 1929965
0 1930919
14 1923975
682
1 1631458
2 1631779
0 1632752
683
1 382061
2 382547
0 383515
684
1 878169
2 878500
0 879473
685
1 46668
2 46950
0 47924
686
1 927415
2 927677
0 928650
687
1 1279895
2 1280208
0 1281182
688
1 119091
2 119397
0 120372
689
1 1415553
2 1415801
0 1416772
690
1 881544
2 881977
0 882942
691
1 531245
2 531459
0 532428
692
1 760297
2 760578
0 761551
693
1 232866
2 233099
0 234071
694
1 1272758
2 1272809
0 1273772
695
1 211720
2 212018
0 212992
696
1 1316984
2 1317338
0 1318306
697
1 666271
2 666546
0 667521
698
1 1282176
0 1283517
699
1 13382
2 13654
0 14628
700
1 125237
2 125529
0 126504
701
1 1353683
2 1354267
0 1355236
702
1 195295
2 195452
0 196408
703
1 1606301
2 1606623
0 1607596
704
1 84334
2 84627
0 85603
1 94773
705
1 241726
2 242034
0 243009
706
1 1856478
2 1856466
0 1857471
707
1 313244
2 313603
0 314569
708
1 1579580
2 1579908
0 1580878
709
1 2027486
2 2027815
0 2028787
710
1 899205
2 899423
0 900390
711
1 1403584
2 1403918
0 1404888
712
1 1604147
2 1604485
0 1605454
713
1 1613907
2 1614248
0 1615218
714
1 858877
2 859174
0 860148
715
1 1008290
2 1008722
0 1009684
716
1 1164449
2 1164766
0 1165739
717
1 1574549
2 1574857
0 1575831
718
0 880258
2 878619
719
1 1984734
2 1985031
0 1986006
720
1 1538521
2 1538875
0 1539842
721
1 1343959
2 1344267
0 1345240
722
1 1409252
2 1409545
0 1410521
723
1 133392
0 134690
724
1 2078089
2 2078356
0 2079331
725
1 296767
2 297002
0 297973
726
0 1997892
2 1996352
727
1 1132750
2 1133053
0 1134026
728
1 1135462
2 1135728
0 1136701
729
1 1798074
2 1798318
0 1799287
730
1 2067786
2 2068135
0 2069102
731
1 242587
2 242845
0 243818
732
1 1686981
2 1687228
0 1688198
733
1 1524283
2 1524657
0 1525622
734
1 320114
2 320537
0 321500
735
1 1059138
2 1059429
0 1060405
736
1 1912142
2 1912421
0 1913395
737
1 250958
2 251298
0 252266
738
1 1465463
2 1465719
0 1466693
739
1 1324267
2 1324573
0 1325547
740
1 1888823
2 1889191
0 1890154
741
1 1439337
2 1439703
0 1440671
742
1 28203
2 28544
0 29513
743
1 607981
2 608504
0 609474
744
1 848395
2 848618
0 849588
745
1 168454
2 168775
0 169747
746
1 678553
2 678868
0 679843
747
1 31603
2 31911
0 32885
748
1 1591638
2 1591971
0 1592942
749
0 527279
2 525744
750
1 748379
2 748685
0 749659
751
1 535476
2 535864
0 536828
752
1 859305
2 859601
0 860575
753
1 788507
2 788827
0 789800
754
1 1133757
2 1134219
0 1135187
755
1 1717997
2 1718337
0 1719305
756
1 32630
2 32953
0 33923
757
1 937148
2 937421
0 938394
758
1 169798
2 169859
0 170819
759
1 910614
2 910773
0 911727
760
1 1944337
2 1944625
0 1945598
761
1 775521
2 775863
0 776831
762
1 553450
2 553730
0 554703
763
1 343907
2 344242
0 345211
764
1 1432047
2 1432376
0 1433347
765
1 382871
2 383182
0 384154
766
1 1523255
2 1523516
0 1524488
767
1 722220
2 722513
0 723490
768
1 22218
0 23470
769
1 500918
2 501277
0 502245
770
1 1947042
2 1947199
0 1948155
771
1 1376835
2 1377130
0 1378104
772
1 1088648
2 1089029
0 1089993
773
1 998772
2 999124
0 1000091
774
1 163948
2 164243
0 165220
775
1 235717
2 236063
0 237030
776
1 1307038
2 1307348
0 1308322
777
1 1833237
2 1833397
0 1834350
778
1 1547544
2 1547469
0 1548545
779
1 423286
2 423680
0 424643
780
1 1684734
2 1684979
0 1685952
781
1 503764
2 504060
0 505035
782
1 1146208
2 1146455
0 1147426
783
1 437738
2 437923
0 438881
784
1 1871070
2 1871353
0 1872328
785
1 2069125
2 2069393
0 2070368
786
1 673035
2 673372
0 674340
787
1 744637
2 744947
0 745920
788
1 1248210
2 1248437
0 1249406
789
1 344013
2 344307
0 345280
790
1 1135174
2 1135498
0 1136470
791
1 2023196
2 2023328
0 2024284
792
1 1075173
2 1075455
0 1076430
793
1 312417
2 312705
0 313680
794
1 1257871
2 1258185
0 1259159
795
1 591910
2 592181
0 593156
796
1 1023794
2 1024083
0 1025055
797
1 1653940
2 1654159
0 1655127
798
1 1244151
2 1244338
0 1245296
799
1 1522562
2 1522819
0 1523791
800
1 1741833
2 1742120
0 1743092
801
1 933699
2 934024
0 934995
802
1 1690806
2 1691091
0 1692065
803
1 968167
2 968443
0 969415
804
1 561629
0 562831
805
1 863882
2 864147
0 865122
806
1 1164220
2 1164520
0 1165493
807
1 426192
2 426491
0 427465
808
1 1037237
2 1037567
0 1038538
809
1 1863504
2 1863792
0 1864765
810
1 897384
2 897754
0 898719
811
1 1699983
2 1700255
0 1701231
812
1 1116441
2 1116780
0 1117751
813
1 64016
2 64310
0 65287
814
1 640475
2 640724
0 641695
815
1 872715
2 872992
0 873968
816
1 817174
2 817526
0 818493
817
1 1520181
2 1520516
0 1521486
818
1 1227661
2 1228036
0 1229002
819
1 1290996
2 1291306
0 1292280
820
1 1490323
2 1490688
0 1491656
821
1 44119
2 44440
0 45412
822
1 1461984
2 1462281
0 1463255
823
1 1115641
2 1115989
0 1116959
824
1 1231278
2 1231548
0 1232519
825
1 1792966
2 1793250
0 1794224
826
1 1104592
2 1104873
0 1105849
827
1 527965
2 528381
0 529343
828
1 1193832
2 1194140
0 1195114
829
1 1195841
2 1196209
0 1197175
830
1 638500
2 638779
0 639754
831
1 1400208
2 1400525
0 1401499
832
1 455962
0 457260
833
1 970469
2 970789
0 971760
834
1 1176303
2 1176652
0 1177619
835
1 1207706
2 1208080
0 1209046
836
0 1808034
2 1805525
1 1807782
837
1 1011395
2 1012011
0 1012979
838
1 942837
2 943194
0 944159
839
1 648903
0 650278
840
1 807874
0 809195
841
1 969416
2 969742
0 970715
842
1 1544978
2 1545325
0 1546295
843
1 732055
2 732295
0 733266
844
1 469029
2 469334
0 470309
845
1 1318445
2 1318894
0 1319861
846
1 1882599
2 1882859
0 1883832
847
1 835163
2 835553
0 836516
848
1 854043
2 854345
0 855320
849
1 1330860
2 1331108
0 1332082
850
1 1439822
2 1440178
0 1441144
851
1 1296962
2 1297227
0 1298202
852
1 913287
2 913528
0 914498
853
1 1563490
2 1563797
0 1564771
854
1 195168
2 195436
0 196410
855
1 997668
2 997976
0 998952
856
1 2025512
2 2025930
0 2026894
857
1 707940
2 708276
0 709246
858
1 1135853
2 1136165
0 1137140
859
1 174627
2 174964
0 175933
860
1 873967
2 874243
0 875217
861
1 11964
2 12192
0 13162
862
1 546785
2 547180
0 548144
863
1 1325391
2 1325685
0 1326660
864
1 1989148
2 1989443
0 1990419
865
1 62846
2 63236
0 64199
866
1 1553690
2 1553988
0 1554964
867
1 1914650
2 1915003
0 1915970
868
1 1085977
2 1086249
0 1087223
869
1 1841501
2 1841803
0 1842777
870
1 930327
2 930611
0 931587
871
1 407036
2 407880
0 408848
872
1 122137
2 122438
0 123412
873
1 362069
2 362350
0 363324
874
1 282548
2 282866
0 283837
875
1 1749299
2 1749609
0 1750583
876
1 1012610
2 1013243
0 1014210
877
1 766841
2 767062
0 768029
878
1 945866
2 946177
0 947149
879
1 1034931
2 1035189
0 1036162
880
1 1994367
2 1994598
0 1995568
881
1 674100
2 674425
0 675396
882
1 1357719
2 1357934
0 1358899
883
1 1474554
2 1474881
0 1475854
884
1 440315
2 440579
0 441553
885
1 96848
0 98069
886
1 1911628
2 1911954
0 1912924
887
1 671863
2 672219
0 673185
14 652810
888
1 958620
2 958912
0 959886
889
1 1242550
2 1242851
0 1243827
890
1 2073935
2 2074164
0 2075133
891
1 1704952
2 1705268
0 1706240
892
1 836490
2 836859
0 837825
893
1 845776
2 845865
0 846815
894
1 903771
2 904082
0 905058
895
1 102626
2 102927
0 103902
896
1 1902538
0 1903746
897
1 1159040
2 1159128
0 1160081
898
1 1690171
0 1691448
899
1 1106775
2 1107046
0 1108019
900
1 298949
2 299267
0 300239
901
1 1008139
2 1008497
0 1009464
902
1 69788
2 70099
0 71073
903
1 627026
0 628223
904
1 637065
2 637340
0 638313
905
1 757279
2 757612
0 758583
906
1 1049615
2 1049995
0 1050960
907
1 743204
2 743516
0 744490
908
1 1921705
2 1921979
0 1922953
1 1931380
909
1 246382
2 246670
0 247647
910
1 1940861
2 1941165
0 1942139
911
1 976795
2 977082
0 978057
912
1 683884
2 684138
0 685109
913
1 1280070
2 1280430
0 1281398
914
1 1802366
2 1802629
0 1803603
915
1 717117
2 717420
0 718396
916
1 711915
2 712179
0 713153
917
1 689327
2 689610
0 690584
918
1 654139
2 654479
0 655447
919
1 1409191
2 1409487
0 1410462
920
1 1941059
2 1941433
0 1942397
921
1 1786880
2 1787184
0 1788160
922
1 823793
2 824196
0 825160
923
1 1323394
2 1323671
0 1324645
924
1 175348
2 175618
0 176593
925
1 1045789
2 1046176
0 1047141
926
1 568815
2 569119
0 570095
927
1 785631
2 785981
0 786948
928
1 308471
2 308725
0 309700
929
1 1551759
2 1551904
0 1552862
930
1 1142970
2 1143227
0 1144199
931
1 1722585
2 1722842
0 1723815
932
1 555707
2 556014
0 556987
933
1 645639
2 645929
0 646903
934
1 367973
2 368283
0 369259
935
1 997033
2 997404
0 998369
936
1 1271056
2 1271401
0 1272369
937
1 967755
2 968095
0 969064
938
1 1697989
2 1698316
0 1699290
939
1 941932
2 942200
0 943175
940
1 641108
2 641439
0 642411
941
1 705435
2 705752
0 706725
942
1 289769
2 290026
0 291000
943
1 1778074
2 1778380
0 1779356
944
1 743331
2 743598
0 744571
945
1 497944
2 498344
0 499307
946
1 524871
2 525232
0 526199
947
1 1466133
2 1466455
0 1467424
948
1 1576278
2 1576480
0 1577444
949
1 988747
0 989811
950
1 1906614
2 1906832
0 1907799
951
1 1586695
2 1587011
0 1587983
952
1 450059
2 450394
0 451365
953
1 1213947
2 1214563
0 1215529
954
1 1308337
2 1308558
0 1309528
955
1 2081357
2 2081729
0 2082693
956
1 1188248
2 1188619
0 1189583
957
1 917405
2 917732
0 918702
958
1 1604176
2 1604295
0 1605249
959
1 1305774
2 1306099
0 1307072
960
1 281843
2 282135
0 283109
961
1 1830197
2 1830518
0 1831490
962
1 1951516
2 1951855
0 1952823
963
0 1450536
2 1448988
964
1 2006597
2 2006927
0 2007900
965
1 1025502
2 1025842
0 1026812
966
1 27926
2 28232
0 29204
967
1 1897819
2 1898299
0 1899269
968
1 2032416
2 2032711
0 2033684
969
1 1399558
2 1399886
0 1400854
970
1 658555
2 658819
0 659795
971
1 818639
2 818985
0 819955
972
1 940283
2 940656
0 941621
973
1 1381304
2 1381462
0 1382416
974
1 412440
2 412755
0 413728
975
1 1543200
2 1543527
0 1544499
976
1 633854
2 634106
0 635077
977
1 1823698
0 1825044
978
1 1424105
2 1424321
0 1425289
979
1 1238105
2 1238443
0 1239414
980
1 714387
2 714681
0 715655
981
1 2018534
2 2018821
0 2019798
982
1 1674779
2 1675016
0 1675988
983
1 768135
2 768433
0 769407
984
1 1661313
2 1661857
0 1662828
985
1 1260623
2 1260937
0 1261912
986
1 1450305
2 1450673
0 1451637
987
1 1625119
2 1625448
0 1626419
988
1 530237
2 530578
0 531547
989
1 1278727
2 1279073
0 1280041
990
1 263375
2 263653
0 264628
991
1 538932
2 539165
0 540134
992
1 956475
2 956759
0 957734
993
1 1203856
2 1204119
0 1205090
994
1 840572
2 840913
0 841884
995
1 1759483
2 1759773
0 1760749
996
1 1829235
2 1829598
0 1830564
997
1 1536997
2 1537321
0 1538294
998
1 1059984
2 1060296
0 1061270
999
1 465613
2 465912
0 466887
