0
0 132502
1 134336
1
0 542099
1 543932
2
0 951694
1 953529
3
0 1361290
1 1363122
4
0 1770885
1 1772718
5
0 83331
1 85166
6
0 492932
1 494761
7
0 902529
1 904359
8
0 1312124
1 1313958
9
0 1721721
1 1723557
10
0 34165
1 35999
11
0 443763
1 445598
12
0 853359
1 855193
13
0 1262956
1 1264788
14
0 1672553
1 1674384
15
0 2082149
1 2083984
16
0 394591
1 396423
17
0 804191
1 806024
18
0 1213789
1 1215619
19
0 1623385
1 1625215
20
0 2032980
1 2034814
21
0 345426
1 347258
22
0 755024
1 756853
23
0 1164622
1 1166455
24
0 1574217
1 1576047
25
0 1983813
1 1985648
26
0 296260
1 298094
27
0 705854
1 707687
28
0 1115452
1 1117282
29
0 1525049
1 1526882
30
0 1934648
1 1936478
31
0 247091
1 248921
32
0 656689
1 658520
33
0 1066283
1 1068115
34
0 1475876
1 1477710
35
0 1885477
1 1887307
36
0 197924
1 199752
37
0 607520
1 609348
38
0 1017117
1 1018950
39
0 1426708
1 1428545
40
0 1836308
1 1838141
41
0 148754
1 150587
42
0 558347
1 560186
43
0 967947
1 969776
44
0 1377546
1 1379376
45
0 1787145
1 1788976
46
0 99584
1 101414
47
0 509184
1 511016
48
0 918780
1 920608
49
0 1328375
1 1330208
50
0 1737975
1 1739804
51
0 50415
1 52246
52
0 460016
1 461844
53
0 869608
1 871443
54
0 1279208
1 1281040
55
0 1688807
1 1690637
56
0 1248
1 3079
57
0 410846
1 412676
58
0 820442
1 822275
59
0 1230041
1 1231872
60
0 1639640
1 1641467
61
0 2049233
1 2051061
62
0 361681
1 363511
63
0 771277
1 773104
64
0 1180868
1 1182698
65
0 1590469
1 1592297
66
0 2000065
1 2001892
67
0 312513
1 314341
68
0 722109
1 723940
69
0 1131700
1 1133537
70
0 1541300
1 1543129
71
0 1950896
1 1952729
72
0 263343
1 265174
73
0 672938
1 674768
74
0 1082537
1 1084368
75
0 1492130
1 1493963
76
0 1901729
1 1903558
77
0 214177
1 216005
78
0 623771
1 625599
79
0 1033366
1 1035197
80
0 1442964
1 1444793
81
0 1852560
1 1854390
82
0 165008
1 166836
83
0 574603
1 576432
84
0 984199
1 986034
85
0 1393797
1 1395628
86
0 1803391
1 1805225
87
0 115838
1 117671
88
0 525432
1 527264
89
0 935032
1 936863
90
0 1344628
1 1346459
91
0 1754224
1 1756056
92
0 66669
1 68500
93
0 476265
1 478095
94
0 885862
1 887693
95
0 1295462
1 1297289
96
0 1705057
1 1706886
97
0 17505
1 19335
98
0 427098
1 428933
99
0 836694
1 838528
100
0 1246290
1 1248123
101
0 1655884
1 1657724
102
0 2065486
1 2067316
103
0 377930
1 379763
104
0 787532
1 789360
105
0 1197126
1 1198956
106
0 1606717
1 1608552
107
0 2016315
1 2018147
108
0 328761
1 330594
109
0 738357
1 740191
110
0 1147955
1 1149784
111
0 1557551
1 1559382
112
0 1967149
1 1968982
113
0 279592
1 281427
114
0 689190
1 691024
115
0 1098787
1 1100619
116
0 1508384
1 1510220
117
0 1917980
1 1919816
118
0 230423
1 232257
119
0 640023
1 641854
120
0 1049620
1 1051450
121
0 1459219
1 1461051
122
0 1868812
1 1870646
123
0 181254
1 183087
124
0 590854
1 592687
125
0 1000451
1 1002281
126
0 1410046
1 1411877
127
0 1819646
1 1821479
128
0 132088
1 133924
129
0 541683
1 543522
130
0 951282
1 953116
131
0 1360877
1 1362712
132
0 1770474
1 1772309
133
0 82917
1 84751
134
0 492517
1 494352
135
0 902111
1 903946
136
0 1311707
1 1313543
137
0 1721307
1 1723139
138
0 33750
1 35584
139
0 443347
1 445184
140
0 852946
1 854775
141
0 1262541
1 1264373
142
0 1672140
1 1673972
143
0 2081739
1 2083569
144
0 394181
1 396015
145
0 803777
1 805610
146
0 1213372
1 1215208
147
0 1622972
1 1624805
148
0 2032566
1 2034402
149
0 345013
1 346847
150
0 754610
1 756442
151
0 1164207
1 1166036
152
0 1573803
1 1575636
153
0 1983397
1 1985230
154
0 295847
1 297676
155
0 705443
1 707271
156
0 1115040
1 1116871
157
0 1524636
1 1526471
158
0 1934229
1 1936071
159
0 246675
1 248511
160
0 656275
1 658107
161
0 1065869
1 1067707
162
0 1475467
1 1477300
163
0 1885065
1 1886897
164
0 197509
1 199341
165
0 607105
1 608937
166
0 1016701
1 1018536
167
0 1426301
1 1428131
168
0 1835894
1 1837726
169
0 148344
1 150175
170
0 557938
1 559767
171
0 967537
1 969366
172
0 1377133
1 1378964
173
0 1786729
1 1788559
174
0 99174
1 101007
175
0 508770
1 510602
176
0 918365
1 920199
177
0 1327964
1 1329795
178
0 1737559
1 1739391
179
0 50007
1 51839
180
0 459602
1 461433
181
0 869196
1 871029
182
0 1278795
1 1280627
183
0 1688390
1 1690217
184
0 839
1 2670
185
0 410435
1 412264
186
0 820031
1 821860
187
0 1229628
1 1231460
188
0 1639222
1 1641059
189
0 2048817
1 2050655
190
0 361267
1 363100
191
0 770860
1 772696
192
0 1180460
1 1182291
193
0 1590057
1 1591891
194
0 1999655
1 2001488
195
0 312097
1 313927
196
0 721692
1 723527
197
0 1131292
1 1133123
198
0 1540886
1 1542717
199
0 1950482
1 1952313
200
0 262930
1 264760
201
0 672525
1 674356
202
0 1082123
1 1083955
203
0 1491719
1 1493553
204
0 1901317
1 1903151
205
0 213760
1 215592
206
0 623356
1 625189
207
0 1032953
1 1034787
208
0 1442547
1 1444380
209
0 1852149
1 1853983
210
0 164592
1 166423
211
0 574189
1 576022
212
0 983785
1 985618
213
0 1393381
1 1395212
214
0 1802980
1 1804809
215
0 115428
1 117253
216
0 525022
1 526855
217
0 934620
1 936452
218
0 1344214
1 1346047
219
0 1753810
1 1755647
220
0 66257
1 68088
221
0 475852
1 477685
222
0 885452
1 887283
223
0 1295048
1 1296877
224
0 1704644
1 1706475
225
0 17089
1 18918
226
0 426683
1 428518
227
0 836284
1 838112
228
0 1245879
1 1247709
229
0 1655473
1 1657303
230
0 2065073
1 2066903
231
0 377521
1 379349
232
0 787116
1 788947
233
0 1196711
1 1198543
234
0 1606309
1 1608142
235
0 2015903
1 2017736
236
0 328347
1 330182
237
0 737945
1 739778
238
0 1147542
1 1149374
239
0 1557140
1 1558973
240
0 1966736
1 1968566
241
0 279179
1 281011
242
0 688777
1 690606
243
0 1098371
1 1100203
244
0 1507973
1 1509802
245
0 1917569
1 1919401
246
0 230019
1 231846
247
0 639610
1 641442
248
0 1049203
1 1051041
249
0 1458803
1 1460635
250
0 1868398
1 1870234
251
0 180843
1 182677
252
0 590441
1 592271
253
0 1000040
1 1001870
254
0 1409633
1 1411466
255
0 1819233
1 1821065
256
0 131676
1 133507
257
0 541275
1 543103
258
0 950869
1 952700
259
0 1360468
1 1362298
260
0 1770061
1 1771894
261
0 82509
1 84341
262
0 492107
1 493937
263
0 901703
1 903537
264
0 1311299
1 1313130
265
0 1720892
1 1722729
266
0 33339
1 35174
267
0 442936
1 444767
268
0 852533
1 854363
269
0 1262129
1 1263963
270
0 1671727
1 1673558
271
0 2081327
1 2083158
272
0 393767
1 395598
273
0 803365
1 805196
274
0 1212963
1 1214791
275
0 1622560
1 1624389
276
0 2032160
1 2033990
277
0 344599
1 346434
278
0 754194
1 756029
279
0 1163795
1 1165626
280
0 1573391
1 1575222
281
0 1982985
1 1984820
282
0 295435
1 297267
283
0 705031
1 706863
284
0 1114627
1 1116459
285
0 1524223
1 1526056
286
0 1933820
1 1935652
287
0 246263
1 248094
288
0 655861
1 657692
289
0 1065459
1 1067290
290
0 1475053
1 1476884
291
0 1884652
1 1886483
292
0 197097
1 198927
293
0 606695
1 608531
294
0 1016289
1 1018125
295
0 1425882
1 1427721
296
0 1835483
1 1837316
297
0 147927
1 149758
298
0 557527
1 559360
299
0 967123
1 968952
300
0 1376721
1 1378554
301
0 1786316
1 1788151
302
0 98758
1 100589
303
0 508354
1 510186
304
0 917956
1 919784
305
0 1327550
1 1329383
306
0 1737150
1 1738984
307
0 49591
1 51426
308
0 459183
1 461021
309
0 868786
1 870618
310
0 1278381
1 1280217
311
0 1687978
1 1689813
312
0 425
1 2257
313
0 410018
1 411856
314
0 819618
1 821449
315
0 1229214
1 1231047
316
0 1638814
1 1640641
317
0 2048406
1 2050237
318
0 360853
1 362688
319
0 770447
1 772280
320
0 1180047
1 1181878
321
0 1589644
1 1591476
322
0 1999239
1 2001072
323
0 311681
1 313520
324
0 721282
1 723114
325
0 1130878
1 1132713
326
0 1540475
1 1542307
327
0 1950073
1 1951906
328
0 262520
1 264351
329
0 672113
1 673942
330
0 1081710
1 1083545
331
0 1491306
1 1493138
332
0 1900900
1 1902732
333
0 213350
1 215177
334
0 622948
1 624776
335
0 1032544
1 1034373
336
0 1442140
1 1443976
337
0 1851735
1 1853570
338
0 164179
1 166012
339
0 573776
1 575611
340
0 983371
1 985210
341
0 1392972
1 1394802
342
0 1802571
1 1804400
343
0 115015
1 116846
344
0 524609
1 526438
345
0 934204
1 936037
346
0 1343805
1 1345637
347
0 1753401
1 1755231
348
0 65845
1 67676
349
0 475443
1 477271
350
0 885037
1 886870
351
0 1294636
1 1296466
352
0 1704231
1 1706063
353
0 16677
1 18510
354
0 426274
1 428110
355
0 835870
1 837703
356
0 1245469
1 1247298
357
0 1655060
1 1656893
358
0 2064665
1 2066493
359
0 377107
1 378937
360
0 786699
1 788531
361
0 1196297
1 1198129
362
0 1605893
1 1607724
363
0 2015493
1 2017318
364
0 327939
1 329765
365
0 737535
1 739368
366
0 1147131
1 1148965
367
0 1556724
1 1558559
368
0 1966324
1 1968156
369
0 278768
1 280596
370
0 688368
1 690198
371
0 1097964
1 1099792
372
0 1507559
1 1509390
373
0 1917152
1 1918987
374
0 229599
1 231428
375
0 639198
1 641027
376
0 1048796
1 1050624
377
0 1458392
1 1460219
378
0 1867985
1 1869818
379
0 180433
1 182260
380
0 590031
1 591859
381
0 999629
1 1001456
382
0 1409223
1 1411053
0
0 219297
1 221131
1
0 628897
1 630726
2
0 1038493
1 1040326
3
0 1448090
1 1449922
4
0 1857687
1 1859517
5
0 170134
1 171964
6
0 579729
1 581558
7
0 989324
1 991156
8
0 1398923
1 1400754
9
0 1808519
1 1810351
10
0 120962
1 122796
11
0 530562
1 532392
12
0 940155
1 941988
13
0 1349754
1 1351587
14
0 1759352
1 1761183
15
0 71794
1 73627
16
0 481392
1 483225
17
0 890987
1 892818
18
0 1300584
1 1302414
19
0 1710181
1 1712010
20
0 22627
1 24458
21
0 432226
1 434054
22
0 841820
1 843650
23
0 1251417
1 1253251
24
0 1661014
1 1662847
25
0 2070611
1 2072445
26
0 383056
1 384889
27
0 792651
1 794483
28
0 1202251
1 1204082
29
0 1611844
1 1613680
30
0 2021440
1 2023276
31
0 333889
1 335720
32
0 743482
1 745318
33
0 1153082
1 1154914
34
0 1562678
1 1564508
35
0 1972275
1 1974107
36
0 284723
1 286550
37
0 694316
1 696149
38
0 1103914
1 1105745
39
0 1513509
1 1515341
40
0 1923104
1 1924941
41
0 235551
1 237383
42
0 645143
1 646982
43
0 1054744
1 1056577
44
0 1464340
1 1466173
45
0 1873939
1 1875772
46
0 186381
1 188214
47
0 595977
1 597810
48
0 1005575
1 1007409
49
0 1415172
1 1417003
50
0 1824774
1 1826603
51
0 137217
1 139047
52
0 546813
1 548647
53
0 956408
1 958245
54
0 1366000
1 1367834
55
0 1775602
1 1777436
56
0 88045
1 89879
57
0 497646
1 499477
58
0 907241
1 909073
59
0 1316834
1 1318671
60
0 1726431
1 1728266
61
0 38875
1 40710
62
0 448473
1 450304
63
0 858071
1 859904
64
0 1267668
1 1269502
65
0 1677266
1 1679099
66
0 2086863
1 2088695
67
0 399306
1 401139
68
0 808906
1 810739
69
0 1218499
1 1220333
70
0 1628097
1 1629930
71
0 2037693
1 2039527
72
0 350137
1 351973
73
0 759734
1 761567
74
0 1169333
1 1171166
75
0 1578933
1 1580762
76
0 1988526
1 1990360
77
0 300968
1 302804
78
0 710568
1 712399
79
0 1120164
1 1121993
80
0 1529763
1 1531592
81
0 1939360
1 1941192
82
0 251805
1 253640
83
0 661399
1 663233
84
0 1070993
1 1072828
85
0 1480593
1 1482428
86
0 1890189
1 1892021
87
0 202635
1 204469
88
0 612233
1 614065
89
0 1021826
1 1023661
90
0 1431426
1 1433257
91
0 1841021
1 1842853
92
0 153465
1 155300
93
0 563065
1 564896
94
0 972658
1 974489
95
0 1382256
1 1384087
96
0 1791856
1 1793684
97
0 104300
1 106131
98
0 513897
1 515728
99
0 923494
1 925324
100
0 1333085
1 1334922
101
0 1742685
1 1744518
102
0 55129
1 56963
103
0 464730
1 466562
104
0 874323
1 876151
105
0 1283920
1 1285754
106
0 1693517
1 1695349
107
0 5959
1 7794
108
0 415559
1 417387
109
0 825157
1 826987
110
0 1234757
1 1236588
111
0 1644350
1 1646179
112
0 2053947
1 2055783
113
0 366390
1 368224
114
0 775985
1 777819
115
0 1185584
1 1187421
116
0 1595180
1 1597012
117
0 2004779
1 2006611
118
0 317226
1 319059
119
0 726818
1 728652
120
0 1136423
1 1138249
121
0 1546012
1 1547843
122
0 1955610
1 1957443
123
0 268053
1 269887
124
0 677651
1 679483
125
0 1087249
1 1089083
126
0 1496845
1 1498676
127
0 1906439
1 1908275
128
0 218888
1 220721
129
0 628485
1 630318
130
0 1038078
1 1039916
131
0 1447680
1 1449509
132
0 1857271
1 1859106
133
0 169721
1 171550
134
0 579316
1 581147
135
0 988912
1 990747
136
0 1398509
1 1400339
137
0 1808104
1 1809935
138
0 120552
1 122383
139
0 530149
1 531977
140
0 939748
1 941577
141
0 1349343
1 1351175
142
0 1758935
1 1760774
143
0 71383
1 73215
144
0 480980
1 482813
145
0 890577
1 892411
146
0 1300174
1 1302004
147
0 1709772
1 1711600
148
0 22218
1 24049
149
0 431812
1 433642
150
0 841411
1 843237
151
0 1251005
1 1252834
152
0 1660600
1 1662436
153
0 2070199
1 2072030
154
0 382643
1 384472
155
0 792241
1 794073
156
0 1201839
1 1203669
157
0 1611436
1 1613268
158
0 2021032
1 2022863
159
0 333475
1 335309
160
0 743070
1 744908
161
0 1152670
1 1154501
162
0 1562265
1 1564097
163
0 1971863
1 1973696
164
0 284306
1 286135
165
0 693907
1 695739
166
0 1103499
1 1105332
167
0 1513097
1 1514930
168
0 1922693
1 1924522
169
0 235139
1 236969
170
0 644741
1 646569
171
0 1054333
1 1056166
172
0 1463926
1 1465764
173
0 1873525
1 1875358
174
0 185970
1 187803
175
0 595568
1 597399
176
0 1005163
1 1006993
177
0 1414764
1 1416594
178
0 1824359
1 1826191
179
0 136801
1 138633
180
0 546400
1 548230
181
0 955996
1 957827
182
0 1365592
1 1367425
183
0 1775188
1 1777021
184
0 87634
1 89465
185
0 497232
1 499062
186
0 906829
1 908658
187
0 1316428
1 1318258
188
0 1726022
1 1727855
189
0 38464
1 40297
190
0 448061
1 449896
191
0 857659
1 859492
192
0 1267256
1 1269089
193
0 1676856
1 1678684
194
0 2086451
1 2088280
195
0 398894
1 400728
196
0 808490
1 810323
197
0 1218087
1 1219919
198
0 1627687
1 1629510
199
0 2037283
1 2039111
200
0 349728
1 351561
201
0 759327
1 761157
202
0 1168918
1 1170756
203
0 1578517
1 1580352
204
0 1988114
1 1989946
205
0 300556
1 302393
206
0 710155
1 711987
207
0 1119755
1 1121585
208
0 1529350
1 1531183
209
0 1938946
1 1940776
210
0 251391
1 253221
211
0 660989
1 662820
212
0 1070583
1 1072418
213
0 1480183
1 1482013
214
0 1889777
1 1891609
215
0 202221
1 204055
216
0 611821
1 613652
217
0 1021415
1 1023248
218
0 1431013
1 1432850
219
0 1840608
1 1842443
220
0 153051
1 154887
221
0 562651
1 564484
222
0 972248
1 974081
223
0 1381849
1 1383679
224
0 1791443
1 1793272
225
0 103886
1 105719
226
0 513482
1 515316
227
0 923078
1 924909
228
0 1332677
1 1334507
229
0 1742276
1 1744102
230
0 54720
1 56554
231
0 464318
1 466148
232
0 873910
1 875746
233
0 1283510
1 1285342
234
0 1693102
1 1694938
235
0 5549
1 7381
236
0 415150
1 416981
237
0 824743
1 826576
238
0 1234338
1 1236173
239
0 1643937
1 1645767
240
0 2053537
1 2055369
241
0 365980
1 367812
242
0 775574
1 777406
243
0 1185171
1 1187006
244
0 1594769
1 1596600
245
0 2004366
1 2006197
246
0 316814
1 318644
247
0 726408
1 728240
248
0 1136006
1 1137840
249
0 1545602
1 1547434
250
0 1955197
1 1957030
251
0 267645
1 269475
252
0 677240
1 679070
253
0 1086838
1 1088667
254
0 1496435
1 1498265
255
0 1906030
1 1907864
256
0 218473
1 220305
257
0 628072
1 629901
258
0 1037669
1 1039497
259
0 1447269
1 1449096
260
0 1856863
1 1858691
261
0 169300
1 171141
262
0 578902
1 580735
263
0 988500
1 990331
264
0 1398100
1 1399931
265
0 1807694
1 1809524
266
0 120142
1 121973
267
0 529737
1 531566
268
0 939330
1 941162
269
0 1348930
1 1350760
270
0 1758525
1 1760355
271
0 70972
1 72803
272
0 480569
1 482400
273
0 890163
1 891994
274
0 1299763
1 1301590
275
0 1709359
1 1711190
276
0 21807
1 23635
277
0 431399
1 433230
278
0 840996
1 842828
279
0 1250594
1 1252428
280
0 1660186
1 1662022
281
0 2069788
1 2071617
282
0 382232
1 384062
283
0 791828
1 793661
284
0 1201426
1 1203257
285
0 1611021
1 1612851
286
0 2020614
1 2022448
287
0 333062
1 334892
288
0 742660
1 744489
289
0 1152260
1 1154089
290
0 1561855
1 1563685
291
0 1971447
1 1973285
292
0 283894
1 285727
293
0 693491
1 695324
294
0 1103087
1 1104919
295
0 1512685
1 1514514
296
0 1922283
1 1924115
297
0 234730
1 236558
298
0 644320
1 646153
299
0 1053922
1 1055751
300
0 1463518
1 1465346
301
0 1873112
1 1874947
302
0 185557
1 187387
303
0 595156
1 596984
304
0 1004753
1 1006581
305
0 1414352
1 1416178
306
0 1823947
1 1825779
307
0 136393
1 138221
308
0 545986
1 547821
309
0 955582
1 957417
310
0 1365181
1 1367010
311
0 1774777
1 1776607
312
0 87224
1 89052
313
0 496821
1 498651
314
0 906416
1 908247
315
0 1316012
1 1317842
316
0 1725606
1 1727437
317
0 38055
1 39879
318
0 447654
1 449479
319
0 857253
1 859081
320
0 1266847
1 1268677
321
0 1676440
1 1678277
322
0 2086040
1 2087871
323
0 398485
1 400316
324
0 808079
1 809914
325
0 1217679
1 1219509
326
0 1627272
1 1629104
327
0 2036869
1 2038702
328
0 349314
1 351143
329
0 758910
1 760741
330
0 1168508
1 1170339
331
0 1578106
1 1579935
332
0 1987703
1 1989533
333
0 300147
1 301976
334
0 709744
1 711575
335
0 1119342
1 1121170
336
0 1528937
1 1530768
337
0 1938534
1 1940368
338
0 250979
1 252811
339
0 660574
1 662407
340
0 1070174
1 1072003
341
0 1479769
1 1481597
342
0 1889367
1 1891199
343
0 201811
1 203641
344
0 611406
1 613238
345
0 1021003
1 1022835
346
0 1430599
1 1432430
347
0 1840195
1 1842032
348
0 152646
1 154474
349
0 562240
1 564070
350
0 971835
1 973672
351
0 1381433
1 1383264
352
0 1791025
1 1792863
353
0 103474
1 105309
354
0 513069
1 514902
355
0 922666
1 924499
356
0 1332265
1 1334096
357
0 1741859
1 1743694
358
0 54304
1 56140
359
0 463901
1 465733
360
0 873500
1 875331
361
0 1283092
1 1284927
362
0 1692692
1 1694524
363
0 5139
1 6970
364
0 414736
1 416567
365
0 824332
1 826162
366
0 1233930
1 1235763
367
0 1643524
1 1645360
368
0 2053118
1 2054957
369
0 365565
1 367398
370
0 775162
1 776994
371
0 1184760
1 1186592
372
0 1594355
1 1596188
373
0 2003954
1 2005787
374
0 316398
1 318229
375
0 725989
1 727825
376
0 1135591
1 1137421
377
0 1545186
1 1547019
378
0 1954785
1 1956615
379
0 267231
1 269062
380
0 676827
1 678660
381
0 1086419
1 1088258
382
0 1496018
1 1497852
383
0 1905616
1 1907452
384
0 218061
1 219895
385
0 627658
1 629489
386
0 1037255
1 1039089
387
0 1446849
1 1448681
388
0 1856449
1 1858279
389
0 168895
1 170727
390
0 578488
1 580319
391
0 988086
1 989916
392
0 1397685
1 1399514
393
0 1807282
1 1809111
394
0 119726
1 121556
395
0 529323
1 531154
396
0 938917
1 940751
397
0 1348516
1 1350350
398
0 1758113
1 1759946
399
0 70557
1 72388
400
0 480156
1 481988
401
0 889752
1 891581
402
0 1299351
1 1301181
403
0 1708944
1 1710776
404
0 21389
1 23221
405
0 430984
1 432815
406
0 840581
1 842413
407
0 1250183
1 1252012
408
0 1659778
1 1661605
409
0 2069376
1 2071207
410
0 381820
1 383651
411
0 791412
1 793247
412
0 1201014
1 1202846
413
0 1610610
1 1612441
414
0 2020202
1 2022035
415
0 332653
1 334482
416
0 742248
1 744079
417
0 1151840
1 1153671
418
0 1561441
1 1563270
419
0 1971040
1 1972870
420
0 283480
1 285313
421
0 693077
1 694907
422
0 1102675
1 1104505
423
0 1512273
1 1514103
424
0 1921870
1 1923699
425
0 234315
1 236146
426
0 643910
1 645740
427
0 1053506
1 1055340
428
0 1463105
1 1464937
429
0 1872696
1 1874529
430
0 185147
1 186977
431
0 594742
1 596573
432
0 1004340
1 1006173
433
0 1413938
1 1415767
434
0 1823530
1 1825363
435
0 135977
1 137808
436
0 545573
1 547403
437
0 955173
1 957000
438
0 1364769
1 1366599
439
0 1774366
1 1776199
440
0 86810
1 88646
441
0 496405
1 498237
442
0 906005
1 907839
443
0 1315600
1 1317433
444
0 1725195
1 1727029
445
0 37644
1 39476
446
0 447240
1 449071
447
0 856832
1 858666
448
0 1266432
1 1268261
449
0 1676029
1 1677859
450
0 2085625
1 2087457
451
0 398069
1 399899
452
0 807665
1 809499
453
0 1217263
1 1219093
454
0 1626858
1 1628687
455
0 2036459
1 2038290
456
0 348901
1 350734
457
0 758498
1 760333
458
0 1168098
1 1169929
459
0 1577692
1 1579524
460
0 1987290
1 1989122
461
0 299732
1 301563
462
0 709332
1 711163
463
0 1118927
1 1120759
464
0 1528524
1 1530353
465
0 1938122
1 1939953
466
0 250567
1 252395
467
0 660163
1 661990
468
0 1069763
1 1071591
469
0 1479357
1 1481189
470
0 1888951
1 1890788
471
0 201399
1 203230
472
0 610993
1 612826
473
0 1020588
1 1022423
474
0 1430188
1 1432020
475
0 1839784
1 1841619
476
0 152229
1 154062
477
0 561824
1 563656
478
0 971423
1 973254
479
0 1381020
1 1382852
480
0 1790616
1 1792450
481
0 103061
1 104893
482
0 512658
1 514488
483
0 922255
1 924087
484
0 1331851
1 1333683
485
0 1741447
1 1743282
486
0 53895
1 55726
487
0 463490
1 465326
488
0 873087
1 874920
489
0 1282683
1 1284514
490
0 1692282
1 1694114
491
0 4726
1 6559
492
0 414323
1 416154
493
0 823919
1 825751
494
0 1233513
1 1235343
495
0 1643109
1 1644940
496
0 2052708
1 2054538
497
0 365156
1 366982
498
0 774755
1 776583
499
0 1184348
1 1186181
500
0 1593943
1 1595780
501
0 2003543
1 2005373
502
0 315987
1 317818
503
0 725581
1 727417
504
0 1135181
1 1137011
505
0 1544776
1 1546609
506
0 1954371
1 1956204
507
0 266818
1 268648
508
0 676416
1 678245
509
0 1086012
1 1087843
510
0 1495608
1 1497437
511
0 1905203
1 1907039
512
0 217648
1 219479
513
0 627246
1 629078
514
0 1036847
1 1038676
515
0 1446439
1 1448271
516
0 1856037
1 1857870
517
0 168480
1 170314
518
0 578076
1 579910
519
0 987675
1 989506
520
0 1397272
1 1399101
521
0 1806871
1 1808702
522
0 119314
1 121146
523
0 528908
1 530740
524
0 938505
1 940336
525
0 1348104
1 1349933
526
0 1757699
1 1759528
527
0 70147
1 71976
528
0 479745
1 481576
529
0 889339
1 891174
530
0 1298932
1 1300769
531
0 1708532
1 1710365
532
0 20977
1 22813
533
0 430573
1 432406
534
0 840175
1 842002
535
0 1249770
1 1251600
536
0 1659357
1 1661195
537
0 2068962
1 2070794
538
0 381408
1 383236
539
0 790998
1 792831
540
0 1200600
1 1202431
541
0 1610195
1 1612024
542
0 2019795
1 2021626
543
0 332238
1 334070
544
0 741837
1 743668
545
0 1151432
1 1153266
546
0 1561029
1 1562860
547
0 1970622
1 1972456
548
0 283072
1 284902
549
0 692665
1 694498
550
0 1102264
1 1104096
551
0 1511861
1 1513692
552
0 1921457
1 1923290
553
0 233902
1 235736
554
0 643496
1 645329
555
0 1053094
1 1054925
556
0 1462693
1 1464521
557
0 1872290
1 1874122
558
0 184737
1 186569
559
0 594328
1 596165
560
0 1003926
1 1005764
561
0 1413523
1 1415357
562
0 1823118
1 1824953
563
0 135566
1 137397
564
0 545162
1 546993
565
0 954761
1 956593
566
0 1364354
1 1366186
567
0 1773951
1 1775783
568
0 86398
1 88230
569
0 495993
1 497825
570
0 905590
1 907421
571
0 1315189
1 1317020
572
0 1724783
1 1726613
573
0 37233
1 39061
574
0 446827
1 448658
575
0 856422
1 858255
576
0 1266022
1 1267855
577
0 1675615
1 1677449
578
0 2085209
1 2087045
579
0 397657
1 399490
580
0 807256
1 809087
581
0 1216854
1 1218684
582
0 1626447
1 1628280
583
0 2036043
1 2037875
584
0 348489
1 350319
585
0 758086
1 759913
586
0 1167686
1 1169514
587
0 1577284
1 1579114
588
0 1986878
1 1988711
589
0 299320
1 301155
590
0 708915
1 710753
591
0 1118517
1 1120350
592
0 1528111
1 1529944
593
0 1937708
1 1939540
594
0 250156
1 251988
595
0 659749
1 661583
596
0 1069345
1 1071179
597
0 1478945
1 1480774
598
0 1888540
1 1890372
599
0 200986
1 202817
600
0 610580
1 612413
601
0 1020178
1 1022009
602
0 1429776
1 1431605
603
0 1839374
1 1841207
604
0 151819
1 153649
605
0 561414
1 563247
606
0 971011
1 972844
607
0 1380606
1 1382437
608
0 1790204
1 1792038
609
0 102650
1 104480
610
0 512246
1 514076
611
0 921846
1 923676
612
0 1331442
1 1333270
613
0 1741034
1 1742867
614
0 53483
1 55312
615
0 463079
1 464905
616
0 872676
1 874505
617
0 1282275
1 1284105
618
0 1691865
1 1693700
619
0 4313
1 6145
620
0 413909
1 415739
621
0 823509
1 825339
622
0 1233103
1 1234935
623
0 1642701
1 1644528
624
0 2052299
1 2054128
625
0 364742
1 366573
626
0 774336
1 776169
627
0 1183937
1 1185764
628
0 1593532
1 1595361
629
0 2003128
1 2004958
630
0 315574
1 317403
631
0 725170
1 727001
632
0 1134768
1 1136595
633
0 1544367
1 1546196
634
0 1953962
1 1955794
635
0 266406
1 268236
636
0 676005
1 677834
637
0 1085598
1 1087429
638
0 1495193
1 1497027
639
0 1904795
1 1906625
640
0 217237
1 219067
641
0 626834
1 628664
642
0 1036432
1 1038262
643
0 1446025
1 1447855
644
0 1855623
1 1857455
645
0 168071
1 169896
646
0 577667
1 579492
647
0 987267
1 989095
648
0 1396859
1 1398697
649
0 1806452
1 1808292
650
0 118903
1 120732
651
0 528495
1 530332
652
0 938093
1 939927
653
0 1347693
1 1349520
654
0 1757290
1 1759122
655
0 69731
1 71563
656
0 479327
1 481161
657
0 888927
1 890757
658
0 1298522
1 1300353
659
0 1708121
1 1709953
660
0 20566
1 22395
661
0 430159
1 431988
662
0 839760
1 841590
663
0 1249355
1 1251187
664
0 1658951
1 1660788
665
0 2068550
1 2070382
666
0 380992
1 382825
667
0 790587
1 792424
668
0 1200186
1 1202018
669
0 1609785
1 1611618
670
0 2019381
1 2021213
671
0 331827
1 333659
672
0 741420
1 743255
673
0 1151018
1 1152849
674
0 1560614
1 1562446
675
0 1970213
1 1972041
676
0 282658
1 284487
677
0 692258
1 694088
678
0 1101852
1 1103686
679
0 1511443
1 1513279
680
0 1921044
1 1922877
681
0 233488
1 235323
682
0 643082
1 644916
683
0 1052681
1 1054514
684
0 1462279
1 1464114
685
0 1871873
1 1873706
686
0 184320
1 186151
687
0 593920
1 595751
688
0 1003514
1 1005345
689
0 1413106
1 1414940
690
0 1822709
1 1824540
691
0 135149
1 136984
692
0 544749
1 546582
693
0 954343
1 956177
694
0 1363938
1 1365776
695
0 1773538
1 1775373
696
0 85980
1 87818
697
0 495579
1 497415
698
0 905176
1 907010
699
0 1314777
1 1316609
700
0 1724371
1 1726204
701
0 36816
1 38648
702
0 446412
1 448243
703
0 856006
1 857839
704
0 1265607
1 1267437
705
0 1675203
1 1677033
706
0 2084802
1 2086631
707
0 397245
1 399079
708
0 806840
1 808676
709
0 1216436
1 1218268
710
0 1626037
1 1627868
711
0 2035631
1 2037464
712
0 348076
1 349908
713
0 757675
1 759506
714
0 1167271
1 1169103
715
0 1576863
1 1578700
716
0 1986464
1 1988295
717
0 298907
1 300740
718
0 708507
1 710336
719
0 1118098
1 1119932
720
0 1527697
1 1529532
721
0 1937293
1 1939127
722
0 249742
1 251575
723
0 659337
1 661169
724
0 1068931
1 1070769
725
0 1478530
1 1480364
726
0 1888124
1 1889960
727
0 200571
1 202405
728
0 610169
1 612000
729
0 1019767
1 1021598
730
0 1429363
1 1431197
731
0 1838958
1 1840792
732
0 151402
1 153233
733
0 561000
1 562831
734
0 970594
1 972427
735
0 1380198
1 1382025
736
0 1789793
1 1791627
737
0 102239
1 104070
738
0 511830
1 513665
739
0 921427
1 923265
740
0 1331029
1 1332861
741
0 1740622
1 1742454
742
0 53069
1 54901
743
0 462665
1 464496
744
0 872262
1 874092
745
0 1281858
1 1283689
746
0 1691454
1 1693284
747
0 3898
1 5733
748
0 413496
1 415328
749
0 823094
1 824923
750
0 1232690
1 1234521
751
0 1642287
1 1644117
752
0 2051885
1 2053716
753
0 364331
1 366162
754
0 773926
1 775759
755
0 1183520
1 1185355
756
0 1593118
1 1594951
757
0 2002712
1 2004548
758
0 315162
1 316992
759
0 724757
1 726587
760
0 1134355
1 1136187
761
0 1543951
1 1545779
762
0 1953544
1 1955379
763
0 265992
1 267822
764
0 675589
1 677417
765
0 1085186
1 1087015
766
0 1494786
1 1496616
767
0 1904380
1 1906216
768
0 216821
1 218657
769
0 626419
1 628255
770
0 1036017
1 1037849
771
0 1445613
1 1447447
772
0 1855213
1 1857043
773
0 167658
1 169490
774
0 577251
1 579083
775
0 986850
1 988681
776
0 1396447
1 1398278
777
0 1806043
1 1807875
778
0 118488
1 120317
779
0 528084
1 529915
780
0 937681
1 939512
781
0 1347278
1 1349108
782
0 1756874
1 1758711
783
0 69321
1 71155
784
0 478917
1 480751
785
0 888513
1 890346
786
0 1298108
1 1299938
787
0 1707707
1 1709542
788
0 20155
1 21986
789
0 429748
1 431578
790
0 839345
1 841179
791
0 1248940
1 1250772
792
0 1658533
1 1660369
793
0 2068135
1 2069967
794
0 380579
1 382408
795
0 790180
1 792010
796
0 1199775
1 1201606
797
0 1609369
1 1611206
798
0 2018967
1 2020801
799
0 331411
1 333246
800
0 741011
1 742845
801
0 1150606
1 1152438
802
0 1560203
1 1562038
803
0 1969803
1 1971633
804
0 282242
1 284074
805
0 691842
1 693673
806
0 1101438
1 1103269
807
0 1511034
1 1512866
808
0 1920631
1 1922463
809
0 233074
1 234907
810
0 642674
1 644503
811
0 1052271
1 1054099
812
0 1461868
1 1463702
813
0 1871464
1 1873298
814
0 183908
1 185741
815
0 593504
1 595339
816
0 1003100
1 1004933
817
0 1412696
1 1414531
818
0 1822297
1 1824127
819
0 134741
1 136570
820
0 544337
1 546169
821
0 953933
1 955766
822
0 1363526
1 1365358
823
0 1773127
1 1774956
824
0 85572
1 87401
825
0 495172
1 496999
826
0 904767
1 906597
827
0 1314360
1 1316197
828
0 1723953
1 1725791
829
0 36405
1 38237
830
0 446001
1 447835
831
0 855596
1 857428
832
0 1265193
1 1267024
833
0 1674794
1 1676626
834
0 2084388
1 2086218
835
0 396833
1 398665
836
0 806431
1 808261
837
0 1216024
1 1217857
838
0 1625620
1 1627453
839
0 2035219
1 2037052
840
0 347664
1 349497
841
0 757262
1 759093
842
0 1166857
1 1168689
843
0 1576454
1 1578288
844
0 1986051
1 1987885
845
0 298496
1 300330
846
0 708093
1 709926
847
0 1117691
1 1119522
848
0 1527284
1 1529118
849
0 1936884
1 1938716
850
0 249328
1 251161
851
0 658925
1 660756
852
0 1068521
1 1070351
853
0 1478114
1 1479947
854
0 1887718
1 1889546
855
0 200162
1 201991
856
0 609760
1 611592
857
0 1019353
1 1021189
858
0 1428948
1 1430783
859
0 1838549
1 1840383
860
0 150991
1 152824
861
0 560590
1 562424
862
0 970186
1 972018
863
0 1379780
1 1381619
864
0 1789378
1 1791210
865
0 101824
1 103652
866
0 511421
1 513256
867
0 921020
1 922851
868
0 1330614
1 1332445
869
0 1740211
1 1742042
870
0 52655
1 54487
871
0 462251
1 464085
872
0 871850
1 873681
873
0 1281447
1 1283281
874
0 1691043
1 1692877
875
0 3486
1 5322
876
0 413079
1 414919
877
0 822682
1 824513
878
0 1232280
1 1234110
879
0 1641878
1 1643706
880
0 2051471
1 2053302
881
0 363917
1 365748
882
0 773511
1 775344
883
0 1183110
1 1184939
884
0 1592709
1 1594535
885
0 2002304
1 2004135
886
0 314749
1 316583
887
0 724345
1 726178
888
0 1133939
1 1135772
889
0 1543541
1 1545373
890
0 1953134
1 1954965
891
0 265578
1 267411
892
0 675178
1 677008
893
0 1084773
1 1086605
894
0 1494371
1 1496200
895
0 1903967
1 1905797
896
0 216411
1 218242
897
0 626011
1 627842
898
0 1035604
1 1037435
899
0 1445203
1 1447032
900
0 1854799
1 1856631
901
0 167244
1 169074
902
0 576844
1 578671
903
0 986438
1 988272
904
0 1396035
1 1397867
905
0 1805632
1 1807463
906
0 118074
1 119910
907
0 527674
1 529502
908
0 937269
1 939100
909
0 1346869
1 1348700
910
0 1756461
1 1758291
911
0 68903
1 70738
912
0 478506
1 480336
913
0 888101
1 889932
914
0 1297702
1 1299528
915
0 1707298
1 1709128
916
0 19741
1 21575
917
0 429337
1 431169
918
0 838932
1 840767
919
0 1248530
1 1250362
920
0 1658125
1 1659957
921
0 2067723
1 2069557
922
0 380171
1 382000
923
0 789763
1 791596
924
0 1199364
1 1201192
925
0 1608959
1 1610787
926
0 2018559
1 2020387
927
0 331000
1 332831
928
0 740595
1 742424
929
0 1150195
1 1152025
930
0 1559794
1 1561620
931
0 1969390
1 1971218
932
0 281832
1 283661
933
0 691428
1 693262
934
0 1101026
1 1102859
935
0 1510622
1 1512454
936
0 1920219
1 1922051
937
0 232665
1 234493
938
0 642261
1 644091
939
0 1051860
1 1053688
940
0 1461455
1 1463283
941
0 1871047
1 1872882
942
0 183495
1 185328
943
0 593093
1 594923
944
0 1002690
1 1004516
945
0 1412289
1 1414116
946
0 1821884
1 1823716
947
0 134326
1 136158
948
0 543921
1 545759
949
0 953524
1 955355
950
0 1363116
1 1364947
951
0 1772719
1 1774547
952
0 85162
1 86989
953
0 494753
1 496585
954
0 904353
1 906183
955
0 1313951
1 1315781
956
0 1723549
1 1725378
957
0 35991
1 37823
958
0 445586
1 447417
959
0 855184
1 857014
960
0 1264783
1 1266614
961
0 1674381
1 1676212
962
0 2083976
1 2085807
963
0 396420
1 398254
964
0 806016
1 807849
965
0 1215614
1 1217444
966
0 1625214
1 1627044
967
0 2034810
1 2036639
968
0 347251
1 349083
969
0 756852
1 758680
970
0 1166445
1 1168275
971
0 1576041
1 1577871
972
0 1985639
1 1987467
973
0 298085
1 299912
974
0 707685
1 709513
975
0 1117279
1 1119109
976
0 1526872
1 1528709
977
0 1936470
1 1938304
978
0 248914
1 250749
979
0 658515
1 660347
980
0 1068111
1 1069943
981
0 1477711
1 1479538
982
0 1887304
1 1889137
983
0 199744
1 201578
984
0 609346
1 611178
985
0 1018939
1 1020770
986
0 1428538
1 1430369
987
0 1838137
1 1839968
988
0 150579
1 152413
989
0 560177
1 562008
990
0 969773
1 971603
991
0 1379373
1 1381203
992
0 1788966
1 1790800
993
0 101410
1 103244
994
0 511008
1 512843
995
0 920603
1 922435
996
0 1330200
1 1332034
997
0 1739798
1 1741630
998
0 52240
1 54072
999
0 461840
1 463672
1000
0 871434
1 873268
1001
0 1281030
1 1282866
1002
0 1690633
1 1692463
1003
0 3076
1 4903
1004
0 412673
1 414507
1005
0 822269
1 824103
1006
0 1231861
1 1233700
1007
0 1641461
1 1643296
1008
0 2051058
1 2052896
1009
0 363504
1 365338
1010
0 773099
1 774933
1011
0 1182698
1 1184531
1012
0 1592293
1 1594128
1013
0 2001889
1 2003718
1014
0 314334
1 316165
1015
0 723932
1 725762
1016
0 1133529
1 1135361
1017
0 1543126
1 1544958
1018
0 1952720
1 1954552
1019
0 265168
1 267000
1020
0 674762
1 676595
1021
0 1084361
1 1086195
1022
0 1493958
1 1495789
1023
0 1903553
1 1905389
1024
0 216001
1 217833
1025
0 625596
1 627426
1026
0 1035190
1 1037024
1027
0 1444790
1 1446622
1028
0 1854386
1 1856220
1029
0 166832
1 168662
1030
0 576427
1 578258
1031
0 986023
1 987854
1032
0 1395621
1 1397450
1033
0 1805217
1 1807048
1034
0 117667
1 119497
1035
0 527261
1 529092
1036
0 936855
1 938688
1037
0 1346453
1 1348287
1038
0 1756051
1 1757883
1039
0 68494
1 70328
1040
0 478091
1 479924
1041
0 887689
1 889520
1042
0 1297283
1 1299119
1043
0 1706881
1 1708712
1044
0 19325
1 21159
1045
0 428924
1 430755
1046
0 838519
1 840351
1047
0 1248116
1 1249951
1048
0 1657714
1 1659543
1049
0 2067313
1 2069144
1050
0 379757
1 381586
1051
0 789353
1 791185
1052
0 1198950
1 1200783
1053
0 1608547
1 1610381
1054
0 2018141
1 2019977
1055
0 330589
1 332422
1056
0 740184
1 742015
1057
0 1149782
1 1151613
1058
0 1559377
1 1561209
1059
0 1968974
1 1970805
1060
0 281417
1 283250
1061
0 691014
1 692843
1062
0 1100616
1 1102443
1063
0 1510210
1 1512039
1064
0 1919807
1 1921637
1065
0 232252
1 234085
1066
0 641847
1 643679
1067
0 1051446
1 1053279
1068
0 1461043
1 1462875
1069
0 1870635
1 1872468
1070
0 183084
1 184915
1071
0 592682
1 594512
1072
0 1002273
1 1004108
1073
0 1411876
1 1413705
1074
0 1821470
1 1823300
1075
0 133914
1 135746
1076
0 543511
1 545341
1077
0 953107
1 954941
1078
0 1362705
1 1364536
1079
0 1772300
1 1774131
1080
0 84749
1 86581
1081
0 494346
1 496175
1082
0 903941
1 905775
1083
0 1313537
1 1315370
1084
0 1723132
1 1724964
1085
0 35580
1 37411
1086
0 445175
1 447005
1087
0 854773
1 856605
1088
0 1264369
1 1266199
1089
0 1673967
1 1675799
1090
0 2083563
1 2085394
1091
0 396007
1 397835
1092
0 805603
1 807431
1093
0 1215204
1 1217033
1094
0 1624805
1 1626631
1095
0 2034395
1 2036228
1096
0 346838
1 348671
1097
0 756438
1 758271
1098
0 1166036
1 1167865
1099
0 1575628
1 1577459
1100
0 1985228
1 1987057
1101
0 297672
1 299504
1102
0 707267
1 709098
1103
0 1116864
1 1118697
1104
0 1526461
1 1528294
1105
0 1936060
1 1937890
1106
0 248500
1 250333
1107
0 658100
1 659931
1108
0 1067696
1 1069525
1109
0 1477292
1 1479125
1110
0 1886891
1 1888723
1111
0 199335
1 201169
1112
0 608933
1 610767
1113
0 1018528
1 1020361
1114
0 1428124
1 1429958
1115
0 1837724
1 1839557
1116
0 150164
1 151998
1117
0 559764
1 561595
1118
0 969359
1 971191
1119
0 1378955
1 1380787
1120
0 1788553
1 1790382
1121
0 100997
1 102826
1122
0 510595
1 512426
1123
0 920195
1 922026
1124
0 1329793
1 1331621
1125
0 1739385
1 1741221
1126
0 51827
1 53663
1127
0 461429
1 463261
1128
0 871024
1 872854
1129
0 1280619
1 1282452
1130
0 1690217
1 1692047
1131
0 2661
1 4497
1132
0 412261
1 414091
1133
0 821856
1 823687
1134
0 1231455
1 1233284
1135
0 1641049
1 1642879
1136
0 2050645
1 2052481
1137
0 363093
1 364922
1138
0 772687
1 774517
1139
0 1182285
1 1184117
1140
0 1591883
1 1593716
1141
0 2001478
1 2003312
1142
0 313924
1 315754
1143
0 723521
1 725354
1144
0 1133115
1 1134949
1145
0 1542712
1 1544544
1146
0 1952311
1 1954140
1147
0 264759
1 266587
1148
0 674351
1 676183
1149
0 1083950
1 1085780
1150
0 1493543
1 1495376
1151
0 1903143
1 1904972
1152
0 215589
1 217417
1153
0 625186
1 627018
1154
0 1034783
1 1036615
1155
0 1444375
1 1446210
1156
0 1853972
1 1855806
1157
0 166419
1 168252
1158
0 576012
1 577849
1159
0 985613
1 987444
1160
0 1395212
1 1397041
1161
0 1804807
1 1806641
1162
0 117251
1 119082
1163
0 526850
1 528678
1164
0 936447
1 938276
1165
0 1346041
1 1347873
1166
0 1755636
1 1757469
1167
0 68085
1 69914
1168
0 477679
1 479512
1169
0 887279
1 889108
1170
0 1296875
1 1298706
1171
0 1706469
1 1708306
1172
0 18916
1 20749
1173
0 428508
1 430346
1174
0 838107
1 839941
1175
0 1247705
1 1249537
1176
0 1657301
1 1659136
1177
0 2066899
1 2068730
1178
0 379345
1 381175
1179
0 788938
1 790772
1180
0 1198536
1 1200366
1181
0 1608134
1 1609965
1182
0 2017730
1 2019562
1183
0 330177
1 332006
1184
0 739773
1 741608
1185
0 1149369
1 1151203
1186
0 1558963
1 1560798
1187
0 1968563
1 1970398
1188
0 281006
1 282839
1189
0 690605
1 692435
1190
0 1100204
1 1102035
1191
0 1509794
1 1511629
1192
0 1919394
1 1921225
1193
0 231837
1 233671
1194
0 641434
1 643266
1195
0 1051035
1 1052865
1196
0 1460630
1 1462461
1197
0 1870228
1 1872060
1198
0 182670
1 184501
1199
0 592267
1 594100
1200
0 1001866
1 1003696
1201
0 1411460
1 1413294
1202
0 1821059
1 1822892
1203
0 133505
1 135335
1204
0 543097
1 544933
1205
0 952695
1 954530
1206
0 1362294
1 1364122
1207
0 1771890
1 1773719
1208
0 84337
1 86169
1209
0 493930
1 495763
1210
0 903528
1 905360
1211
0 1313125
1 1314953
1212
0 1722721
1 1724549
1213
0 35167
1 37000
1214
0 444764
1 446599
1215
0 854356
1 856195
1216
0 1263958
1 1265790
1217
0 1673552
1 1675388
1218
0 2083150
1 2084981
1219
0 395596
1 397426
1220
0 805196
1 807026
1221
0 1214787
1 1216622
1222
0 1624386
1 1626217
1223
0 2033982
1 2035814
1224
0 346428
1 348258
1225
0 756022
1 757854
1226
0 1165622
1 1167451
1227
0 1575217
1 1577048
1228
0 1984817
1 1986648
1229
0 297260
1 299090
1230
0 706854
1 708690
1231
0 1116455
1 1118287
1232
0 1526049
1 1527882
1233
0 1935645
1 1937478
1234
0 248090
1 249924
1235
0 657687
1 659520
1236
0 1067288
1 1069117
1237
0 1476882
1 1478713
1238
0 1886477
1 1888309
1239
0 198920
1 200752
1240
0 608517
1 610346
1241
0 1018116
1 1019944
1242
0 1427716
1 1429544
1243
0 1837312
1 1839142
1244
0 149758
1 151587
1245
0 559350
1 561183
1246
0 968950
1 970783
1247
0 1378544
1 1380377
1248
0 1788141
1 1789970
1249
0 100589
1 102418
1250
0 510186
1 512014
1251
0 919779
1 921607
1252
0 1329378
1 1331206
1253
0 1738973
1 1740803
1254
0 51420
1 53248
1255
0 461015
1 462845
1256
0 870612
1 872445
1257
0 1280211
1 1282039
1258
0 1689805
1 1691634
1259
0 2255
1 4082
1260
0 411849
1 413680
1261
0 821442
1 823277
1262
0 1231044
1 1232871
1263
0 1640637
1 1642466
1264
0 2050233
1 2052063
1265
0 362681
1 364508
1266
0 772277
1 774105
1267
0 1181874
1 1183703
1268
0 1591467
1 1593299
1269
0 2001067
1 2002896
1270
0 313510
1 315340
1271
0 723109
1 724934
1272
0 1132707
1 1134537
1273
0 1542303
1 1544133
1274
0 1951896
1 1953733
1275
0 264341
1 266172
1276
0 673940
1 675773
1277
0 1083535
1 1085368
1278
0 1493132
1 1494960
1279
0 1902732
1 1904564
1280
0 215176
1 217007
1281
0 624770
1 626600
1282
0 1034370
1 1036200
1283
0 1443964
1 1445793
1284
0 1853567
1 1855395
1285
0 166008
1 167836
1286
0 575603
1 577433
1287
0 985202
1 987031
1288
0 1394798
1 1396627
1289
0 1804394
1 1806226
1290
0 116839
1 118670
1291
0 526434
1 528270
1292
0 936034
1 937865
1293
0 1345627
1 1347462
1294
0 1755223
1 1757055
1295
0 67672
1 69501
1296
0 477266
1 479097
1297
0 886863
1 888697
1298
0 1296462
1 1298291
1299
0 1706056
1 1707889
1300
0 18502
1 20333
1301
0 428100
1 429926
1302
0 837698
1 839529
1303
0 1247293
1 1249128
1304
0 1656886
1 1658726
1305
0 2066485
1 2068322
1306
0 378934
1 380767
1307
0 788525
1 790360
1308
0 1198124
1 1199953
1309
0 1607722
1 1609554
1310
0 2017315
1 2019153
1311
0 329762
1 331592
1312
0 739357
1 741190
1313
0 1148959
1 1150789
1314
0 1558552
1 1560385
1315
0 1968146
1 1969981
1316
0 280595
1 282426
1317
0 690190
1 692022
1318
0 1099789
1 1101618
1319
0 1509385
1 1511217
1320
0 1918980
1 1920818
1321
0 231428
1 233260
1322
0 641019
1 642857
1323
0 1050618
1 1052453
1324
0 1460218
1 1462049
1325
0 1869812
1 1871648
1326
0 182260
1 184091
1327
0 591853
1 593683
1328
0 1001449
1 1003283
1329
0 1411047
1 1412877
1330
0 1820644
1 1822475
1331
0 133092
1 134919
1332
0 542686
1 544520
1333
0 952281
1 954120
1334
0 1361879
1 1363714
1335
0 1771472
1 1773308
1336
0 83922
1 85758
1337
0 493516
1 495351
1338
0 903115
1 904947
1339
0 1312714
1 1314543
1340
0 1722306
1 1724141
1341
0 34751
1 36585
1342
0 444349
1 446180
1343
0 853949
1 855780
1344
0 1263544
1 1265374
1345
0 1673140
1 1674970
1346
0 2082735
1 2084570
1347
0 395183
1 397014
1348
0 804779
1 806612
1349
0 1214376
1 1216209
1350
0 1623973
1 1625806
1351
0 2033568
1 2035402
1352
0 346013
1 347847
1353
0 755612
1 757444
1354
0 1165209
1 1167043
1355
0 1574803
1 1576636
1356
0 1984403
1 1986235
1357
0 296844
1 298679
1358
0 706441
1 708273
1359
0 1116041
1 1117871
1360
0 1525637
1 1527467
1361
0 1935231
1 1937063
1362
0 247682
1 249513
1363
0 657275
1 659111
1364
0 1066868
1 1068706
1365
0 1476468
1 1478301
1366
0 1886062
1 1887899
1367
0 198510
1 200343
1368
0 608108
1 609938
1369
0 1017706
1 1019536
1370
0 1427299
1 1429132
1371
0 1836898
1 1838729
1372
0 149344
1 151175
1373
0 558940
1 560769
1374
0 968534
1 970367
1375
0 1378129
1 1379963
1376
0 1787729
1 1789559
1377
0 100174
1 102005
1378
0 509773
1 511602
1379
0 919366
1 921200
1380
0 1328963
1 1330799
1381
0 1738561
1 1740393
1382
0 51003
1 52836
1383
0 460603
1 462435
1384
0 870199
1 872031
1385
0 1279798
1 1281628
1386
0 1689395
1 1691227
1387
0 1839
1 3669
1388
0 411435
1 413266
1389
0 821030
1 822860
1390
0 1230628
1 1232456
1391
0 1640226
1 1642055
1392
0 2049823
1 2051655
1393
0 362268
1 364103
1394
0 771862
1 773696
1395
0 1181459
1 1183293
1396
0 1591056
1 1592891
1397
0 2000655
1 2002483
1398
0 313103
1 314933
1399
0 722696
1 724528
1400
0 1132288
1 1134121
1401
0 1541890
1 1543719
1402
0 1951485
1 1953315
1403
0 263929
1 265762
1404
0 673525
1 675358
1405
0 1083120
1 1084951
1406
0 1492723
1 1494552
1407
0 1902319
1 1904147
1408
0 214765
1 216597
1409
0 624360
1 626191
1410
0 1033955
1 1035790
1411
0 1443554
1 1445387
1412
0 1853148
1 1854979
1413
0 165590
1 167424
1414
0 575194
1 577024
1415
0 984788
1 986617
1416
0 1394386
1 1396217
1417
0 1803980
1 1805812
1418
0 116423
1 118255
1419
0 526021
1 527853
1420
0 935621
1 937449
1421
0 1345221
1 1347046
1422
0 1754815
1 1756649
1423
0 67256
1 69089
1424
0 476853
1 478686
1425
0 886453
1 888285
1426
0 1296047
1 1297880
1427
0 1705645
1 1707477
1428
0 18091
1 19923
1429
0 427688
1 429521
1430
0 837283
1 839113
1431
0 1246879
1 1248713
1432
0 1656478
1 1658309
1433
0 2066073
1 2067902
1434
0 378517
1 380349
1435
0 788115
1 789945
1436
0 1197710
1 1199543
1437
0 1607311
1 1609141
1438
0 2016905
1 2018738
1439
0 329350
1 331183
1440
0 738949
1 740781
1441
0 1148542
1 1150377
1442
0 1558139
1 1559975
1443
0 1967735
1 1969566
1444
0 280179
1 282013
1445
0 689781
1 691612
1446
0 1099372
1 1101206
1447
0 1508968
1 1510805
1448
0 1918568
1 1920398
1449
0 231012
1 232845
1450
0 640612
1 642440
1451
0 1050209
1 1052039
1452
0 1459804
1 1461641
1453
0 1869401
1 1871234
1454
0 181845
1 183678
1455
0 591440
1 593278
1456
0 1001040
1 1002870
1457
0 1410637
1 1412469
1458
0 1820237
1 1822066
1459
0 132678
1 134510
1460
0 542275
1 544106
1461
0 951871
1 953702
1462
0 1361468
1 1363299
1463
0 1771068
1 1772897
1464
0 83508
1 85339
1465
0 493105
1 494937
1466
0 902704
1 904535
1467
0 1312300
1 1314131
1468
0 1721900
1 1723734
1469
0 34343
1 36176
1470
0 443935
1 445771
1471
0 853534
1 855367
1472
0 1263131
1 1264963
1473
0 1672732
1 1674563
1474
0 2082327
1 2084158
1475
0 394770
1 396602
1476
0 804366
1 806200
1477
0 1213963
1 1215795
1478
0 1623555
1 1625388
1479
0 2033158
1 2034987
1480
0 345603
1 347432
1481
0 755199
1 757032
1482
0 1164796
1 1166630
1483
0 1574392
1 1576226
1484
0 1983991
1 1985825
1485
0 296433
1 298268
1486
0 706028
1 707864
1487
0 1115631
1 1117460
1488
0 1525225
1 1527056
1489
0 1934817
1 1936654
1490
0 247268
1 249099
1491
0 656864
1 658693
1492
0 1066461
1 1068292
1493
0 1476055
1 1477886
1494
0 1885654
1 1887487
1495
0 198099
1 199931
1496
0 607695
1 609526
1497
0 1017293
1 1019123
1498
0 1426889
1 1428722
1499
0 1836482
1 1838322
1500
0 148928
1 150760
1501
0 558525
1 560360
1502
0 968123
1 969958
1503
0 1377721
1 1379552
1504
0 1787316
1 1789147
1505
0 99763
1 101595
1506
0 509354
1 511189
1507
0 918954
1 920787
1508
0 1328550
1 1330383
1509
0 1738149
1 1739979
1510
0 50595
1 52425
1511
0 460189
1 462025
1512
0 869782
1 871625
1513
0 1279383
1 1281217
1514
0 1688979
1 1690817
1515
0 1423
1 3260
1516
0 411021
1 412853
1517
0 820618
1 822453
1518
0 1230218
1 1232048
1519
0 1639809
1 1641644
1520
0 2049410
1 2051241
1521
0 361855
1 363689
1522
0 771449
1 773279
1523
0 1181049
1 1182879
1524
0 1590642
1 1592473
1525
0 2000240
1 2002073
1526
0 312689
1 314520
1527
0 722282
1 724114
1528
0 1131879
1 1133711
1529
0 1541476
1 1543309
1530
0 1951072
1 1952905
1531
0 263517
1 265349
1532
0 673113
1 674946
1533
0 1082711
1 1084543
1534
0 1492310
1 1494140
1535
0 1901903
1 1903736
1536
0 214350
1 216181
1537
0 623948
1 625776
1538
0 1033542
1 1035370
1539
0 1443142
1 1444971
1540
0 1852739
1 1854567
1541
0 165186
1 167018
1542
0 574777
1 576613
1543
0 984372
1 986207
1544
0 1393973
1 1395806
1545
0 1803569
1 1805402
1546
0 116013
1 117844
1547
0 525612
1 527442
1548
0 935210
1 937042
1549
0 1344802
1 1346636
1550
0 1754400
1 1756232
1551
0 66844
1 68674
1552
0 476442
1 478275
1553
0 886037
1 887869
1554
0 1295634
1 1297469
1555
0 1705231
1 1707063
1556
0 17677
1 19509
1557
0 427277
1 429109
1558
0 836872
1 838704
1559
0 1246465
1 1248300
1560
0 1656063
1 1657893
1561
0 2065659
1 2067493
1562
0 378106
1 379936
1563
0 787704
1 789533
1564
0 1197299
1 1199132
1565
0 1606899
1 1608726
1566
0 2016491
1 2018320
1567
0 328938
1 330766
1568
0 738534
1 740363
1569
0 1148131
1 1149959
1570
0 1557732
1 1559558
1571
0 1967325
1 1969156
1572
0 279768
1 281603
1573
0 689365
1 691197
1574
0 1098963
1 1100795
1575
0 1508558
1 1510391
1576
0 1918158
1 1919989
1577
0 230603
1 232432
1578
0 640197
1 642029
1579
0 1049794
1 1051623
1580
0 1459393
1 1461221
1581
0 1868986
1 1870817
1582
0 181432
1 183262
1583
0 591028
1 592859
1584
0 1000626
1 1002459
1585
0 1410226
1 1412052
1586
0 1819820
1 1821650
1587
0 132266
1 134098
1588
0 541862
1 543695
1589
0 951458
1 953293
1590
0 1361053
1 1362887
1591
0 1770653
1 1772485
1592
0 83099
1 84927
1593
0 492696
1 494525
1594
0 902292
1 904123
1595
0 1311887
1 1313718
1596
0 1721483
1 1723311
1597
0 33927
1 35758
1598
0 443527
1 445355
1599
0 853124
1 854955
1600
0 1262724
1 1264553
1601
0 1672316
1 1674149
1602
0 2081909
1 2083747
1603
0 394356
1 396188
1604
0 803954
1 805787
1605
0 1213551
1 1215383
1606
0 1623150
1 1624978
1607
0 2032746
1 2034577
1608
0 345189
1 347022
1609
0 754786
1 756617
1610
0 1164382
1 1166214
1611
0 1573980
1 1575809
1612
0 1983572
1 1985408
1613
0 296022
1 297852
1614
0 705618
1 707447
1615
0 1115214
1 1117044
1616
0 1524814
1 1526645
1617
0 1934410
1 1936244
1618
0 246855
1 248688
1619
0 656446
1 658285
1620
0 1066045
1 1067880
1621
0 1475645
1 1477475
1622
0 1885238
1 1887071
1623
0 197686
1 199517
1624
0 607281
1 609114
1625
0 1016880
1 1018712
1626
0 1426474
1 1428304
1627
0 1836069
1 1837902
1628
0 148518
1 150348
1629
0 558115
1 559943
1630
0 967715
1 969544
1631
0 1377308
1 1379144
1632
0 1786898
1 1788735
1633
0 99346
1 101183
1634
0 508944
1 510783
1635
0 918540
1 920375
1636
0 1328140
1 1329970
1637
0 1737737
1 1739570
1638
0 50177
1 52013
1639
0 459777
1 461607
1640
0 869373
1 871207
1641
0 1278970
1 1280804
1642
0 1688565
1 1690399
1643
0 1011
1 2846
1644
0 410607
1 412439
1645
0 820205
1 822038
1646
0 1229801
1 1231637
1647
0 1639397
1 1641233
1648
0 2048996
1 2050831
1649
0 361439
1 363274
1650
0 771035
1 772871
1651
0 1180636
1 1182470
1652
0 1590230
1 1592062
1653
0 1999826
1 2001659
1654
0 312272
1 314103
1655
0 721868
1 723703
1656
0 1131465
1 1133299
1657
0 1541063
1 1542893
1658
0 1950661
1 1952487
1659
0 263107
1 264936
1660
0 672700
1 674537
1661
0 1082294
1 1084135
1662
0 1491894
1 1493727
1663
0 1901494
1 1903326
1664
0 213935
1 215770
1665
0 623531
1 625366
1666
0 1033134
1 1034962
1667
0 1442728
1 1444559
1668
0 1852320
1 1854158
1669
0 164768
1 166600
1670
0 574365
1 576196
1671
0 983960
1 985795
1672
0 1393556
1 1395389
1673
0 1803155
1 1804985
1674
0 115599
1 117433
1675
0 525195
1 527027
1676
0 934791
1 936628
1677
0 1344390
1 1346223
1678
0 1753986
1 1755821
1679
0 66431
1 68265
1680
0 476028
1 477863
1681
0 885625
1 887458
1682
0 1295223
1 1297053
1683
0 1704819
1 1706651
1684
0 17264
1 19097
1685
0 426858
1 428695
1686
0 836458
1 838291
1687
0 1246054
1 1247881
1688
0 1655654
1 1657482
1689
0 2065251
1 2067081
1690
0 377692
1 379527
1691
0 787292
1 789123
1692
0 1196885
1 1198719
1693
0 1606483
1 1608314
1694
0 2016080
1 2017911
1695
0 328524
1 330355
1696
0 738125
1 739957
1697
0 1147719
1 1149552
1698
0 1557315
1 1559145
1699
0 1966914
1 1968745
1700
0 279356
1 281187
1701
0 688957
1 690787
1702
0 1098548
1 1100381
1703
0 1508146
1 1509979
1704
0 1917746
1 1919575
1705
0 230189
1 232019
1706
0 639785
1 641619
1707
0 1049383
1 1051216
1708
0 1458981
1 1460812
1709
0 1868576
1 1870408
1710
0 181019
1 182852
1711
0 590615
1 592450
1712
0 1000215
1 1002045
1713
0 1409813
1 1411643
1714
0 1819409
1 1821239
1715
0 131850
1 133681
1716
0 541448
1 543280
1717
0 951046
1 952875
1718
0 1360642
1 1362475
1719
0 1770242
1 1772074
1720
0 82684
1 84517
1721
0 492281
1 494115
1722
0 901876
1 903710
1723
0 1311476
1 1313311
1724
0 1721069
1 1722903
1725
0 33517
1 35347
1726
0 443117
1 444947
1727
0 852709
1 854542
1728
0 1262307
1 1264139
1729
0 1671902
1 1673732
1730
0 2081500
1 2083332
1731
0 393944
1 395778
1732
0 803538
1 805371
1733
0 1213140
1 1214971
1734
0 1622735
1 1624567
1735
0 2032332
1 2034163
1736
0 344780
1 346611
1737
0 754376
1 756205
1738
0 1163969
1 1165805
1739
0 1573568
1 1575399
1740
0 1983163
1 1984996
1741
0 295611
1 297441
1742
0 705207
1 707034
1743
0 1114801
1 1116636
1744
0 1524400
1 1526231
1745
0 1933992
1 1935827
1746
0 246441
1 248270
1747
0 656039
1 657866
1748
0 1065637
1 1067466
1749
0 1475234
1 1477064
1750
0 1884825
1 1886664
1751
0 197271
1 199108
1752
0 606867
1 608700
1753
0 1016466
1 1018299
1754
0 1426060
1 1427893
1755
0 1835659
1 1837492
1756
0 148105
1 149935
1757
0 557701
1 559531
1758
0 967299
1 969127
1759
0 1376895
1 1378726
1760
0 1786491
1 1788325
1761
0 98937
1 100767
1762
0 508533
1 510364
1763
0 918130
1 919962
1764
0 1327730
1 1329555
1765
0 1737324
1 1739158
1766
0 49769
1 51602
1767
0 459365
1 461198
1768
0 868963
1 870797
1769
0 1278557
1 1280389
1770
0 1688156
1 1689989
1771
0 603
1 2433
1772
0 410196
1 412026
1773
0 819793
1 821626
1774
0 1229391
1 1231222
1775
0 1638983
1 1640819
1776
0 2048585
1 2050415
1777
0 361030
1 362857
1778
0 770627
1 772457
1779
0 1180224
1 1182053
1780
0 1589820
1 1591654
1781
0 1999415
1 2001248
1782
0 311861
1 313693
1783
0 721459
1 723292
1784
0 1131055
1 1132884
1785
0 1540653
1 1542484
1786
0 1950250
1 1952080
1787
0 262690
1 264522
1788
0 672288
1 674118
1789
0 1081886
1 1083717
1790
0 1491483
1 1493313
1791
0 1901080
1 1902912
1792
0 213524
1 215357
1793
0 623124
1 624953
1794
0 1032716
1 1034548
1795
0 1442315
1 1444148
1796
0 1851913
1 1853744
1797
0 164356
1 166191
1798
0 573953
1 575789
1799
0 983547
1 985381
1800
0 1393144
1 1394978
1801
0 1802744
1 1804574
1802
0 115187
1 117020
1803
0 524784
1 526618
1804
0 934378
1 936210
1805
0 1343977
1 1345810
1806
0 1753574
1 1755405
1807
0 66020
1 67851
1808
0 475620
1 477449
1809
0 885216
1 887045
1810
0 1294807
1 1296645
1811
0 1704406
1 1706240
1812
0 16853
1 18688
1813
0 426446
1 428282
1814
0 836045
1 837878
1815
0 1245645
1 1247475
1816
0 1655241
1 1657074
1817
0 2064832
1 2066663
1818
0 377281
1 379114
1819
0 786877
1 788708
1820
0 1196474
1 1198310
1821
0 1606074
1 1607904
1822
0 2015666
1 2017498
1823
0 328114
1 329946
1824
0 737711
1 739541
1825
0 1147309
1 1149143
1826
0 1556905
1 1558736
1827
0 1966499
1 1968334
1828
0 278943
1 280781
1829
0 688541
1 690373
1830
0 1098136
1 1099969
1831
0 1507736
1 1509569
1832
0 1917330
1 1919162
1833
0 229775
1 231610
1834
0 639370
1 641204
1835
0 1048966
1 1050799
1836
0 1458566
1 1460395
1837
0 1868164
1 1869995
1838
0 180610
1 182441
1839
0 590205
1 592039
1840
0 999801
1 1001637
1841
0 1409397
1 1411233
1842
0 1818998
1 1820830
1843
0 131442
1 133273
1844
0 541039
1 542869
1845
0 950635
1 952467
1846
0 1360230
1 1362063
1847
0 1769827
1 1771657
1848
0 82271
1 84103
1849
0 491869
1 493699
1850
0 901465
1 903299
1851
0 1311062
1 1312894
1852
0 1720660
1 1722490
1853
0 33104
1 34933
1854
0 442700
1 444531
1855
0 852298
1 854131
1856
0 1261895
1 1263728
1857
0 1671490
1 1673326
1858
0 2081086
1 2082922
1859
0 393530
1 395365
1860
0 803130
1 804959
1861
0 1212728
1 1214556
1862
0 1622323
1 1624154
1863
0 2031921
1 2033754
1864
0 344363
1 346196
1865
0 753960
1 755792
1866
0 1163559
1 1165387
1867
0 1573156
1 1574987
1868
0 1982754
1 1984584
1869
0 295197
1 297028
1870
0 704789
1 706626
1871
0 1114392
1 1116224
1872
0 1523984
1 1525819
1873
0 1933583
1 1935415
1874
0 246029
1 247861
1875
0 655627
1 657458
1876
0 1065222
1 1067053
1877
0 1474819
1 1476648
1878
0 1884415
1 1886245
1879
0 196859
1 198688
1880
0 606456
1 608285
1881
0 1016054
1 1017885
1882
0 1425647
1 1427478
1883
0 1835247
1 1837078
1884
0 147691
1 149522
1885
0 557288
1 559119
1886
0 966888
1 968717
1887
0 1376483
1 1378316
1888
0 1786080
1 1787913
1889
0 98522
1 100355
1890
0 508120
1 509950
1891
0 917719
1 919547
1892
0 1327313
1 1329146
1893
0 1736911
1 1738743
1894
0 49354
1 51186
1895
0 458953
1 460782
1896
0 868551
1 870375
1897
0 1278148
1 1279973
1898
0 1687748
1 1689573
1899
0 190
1 2020
1900
0 409782
1 411615
1901
0 819381
1 821209
1902
0 1228977
1 1230814
1903
0 1638574
1 1640404
1904
0 2048172
1 2050002
1905
0 360619
1 362447
1906
0 770211
1 772041
1907
0 1179811
1 1181639
1908
0 1589407
1 1591238
1909
0 1999005
1 2000835
1910
0 311446
1 313279
1911
0 721046
1 722873
1912
0 1130640
1 1132472
1913
0 1540241
1 1542069
1914
0 1949835
1 1951668
1915
0 262279
1 264112
1916
0 671877
1 673710
1917
0 1081474
1 1083307
1918
0 1491071
1 1492900
1919
0 1900667
1 1902500
1920
0 213115
1 214945
1921
0 622711
1 624537
1922
0 1032303
1 1034139
1923
0 1441902
1 1443731
1924
0 1851497
1 1853329
1925
0 163942
1 165773
1926
0 573541
1 575367
1927
0 983139
1 984967
1928
0 1392737
1 1394566
1929
0 1802334
1 1804167
1930
0 114774
1 116609
1931
0 524374
1 526203
1932
0 933970
1 935804
1933
0 1343567
1 1345395
1934
0 1753164
1 1754994
1935
0 65611
1 67442
1936
0 475201
1 477034
1937
0 884800
1 886630
1938
0 1294398
1 1296230
1939
0 1703994
1 1705826
1940
0 16441
1 18272
1941
0 426032
1 427867
1942
0 835630
1 837464
1943
0 1245229
1 1247059
1944
0 1654826
1 1656659
1945
0 2064424
1 2066256
1946
0 376866
1 378700
1947
0 786463
1 788301
1948
0 1196060
1 1197893
1949
0 1605657
1 1607487
1950
0 2015257
1 2017087
1951
0 327698
1 329534
1952
0 737293
1 739130
1953
0 1146892
1 1148724
1954
0 1556487
1 1558321
1955
0 1966084
1 1967917
1956
0 278532
1 280361
1957
0 688132
1 689961
1958
0 1097726
1 1099558
1959
0 1507322
1 1509158
1960
0 1916914
1 1918752
1961
0 229362
1 231195
1962
0 638959
1 640795
1963
0 1048555
1 1050387
1964
0 1458153
1 1459985
1965
0 1867751
1 1869585
1966
0 180194
1 182026
1967
0 589791
1 591623
1968
0 999387
1 1001219
1969
0 1408983
1 1410816
1970
0 1818582
1 1820417
1971
0 131026
1 132857
1972
0 540623
1 542455
1973
0 950221
1 952051
1974
0 1359818
1 1361649
1975
0 1769415
1 1771249
1976
0 81857
1 83693
1977
0 491455
1 493289
1978
0 901051
1 902884
1979
0 1310649
1 1312483
1980
0 1720246
1 1722079
1981
0 32690
1 34522
1982
0 442287
1 444120
1983
0 851884
1 853718
1984
0 1261479
1 1263308
1985
0 1671079
1 1672909
1986
0 2080675
1 2082504
1987
0 393123
1 394952
1988
0 802717
1 804551
1989
0 1212309
1 1214148
1990
0 1621907
1 1623743
1991
0 2031506
1 2033340
1992
0 343949
1 345783
1993
0 753550
1 755380
1994
0 1163146
1 1164977
1995
0 1572741
1 1574575
1996
0 1982337
1 1984167
1997
0 294781
1 296613
1998
0 704380
1 706211
1999
0 1113977
1 1115808
2000
0 1523573
1 1525404
2001
0 1933169
1 1935000
2002
0 245614
1 247444
2003
0 655212
1 657043
2004
0 1064810
1 1066643
2005
0 1474406
1 1476238
2006
0 1884002
1 1885835
2007
0 196447
1 198281
2008
0 606044
1 607878
2009
0 1015642
1 1017471
2010
0 1425235
1 1427067
2011
0 1834834
1 1836665
2012
0 147278
1 149110
2013
0 556873
1 558706
2014
0 966473
1 968303
2015
0 1376069
1 1377899
2016
0 1785666
1 1787499
2017
0 98114
1 99943
2018
0 507708
1 509541
2019
0 917303
1 919139
2020
0 1326899
1 1328735
2021
0 1736500
1 1738333
2022
0 48943
1 50773
2023
0 458538
1 460371
2024
0 868140
1 869970
2025
0 1277732
1 1279565
2026
0 1687330
1 1689163
2027
0 2096927
1 1606
2028
0 409371
1 411203
2029
0 818968
1 820801
2030
0 1228565
1 1230395
2031
0 1638161
1 1639993
2032
0 2047759
1 2049588
2033
0 360204
1 362035
2034
0 769802
1 771632
2035
0 1179398
1 1181231
2036
0 1588993
1 1590832
2037
0 1998590
1 2000423
2038
0 311035
1 312867
2039
0 720635
1 722465
2040
0 1130229
1 1132059
2041
0 1539825
1 1541657
2042
0 1949424
1 1951257
2043
0 261865
1 263699
2044
0 671465
1 673292
2045
0 1081061
1 1082892
2046
0 1490658
1 1492485
2047
0 1900258
1 1902087
2048
0 212700
1 214536
2049
0 622294
1 624130
2050
0 1031892
1 1033724
2051
0 1441490
1 1443324
2052
0 1851087
1 1852917
2053
0 163529
1 165361
2054
0 573130
1 574961
2055
0 982724
1 984554
2056
0 1392321
1 1394152
2057
0 1801921
1 1803751
2058
0 114364
1 116194
2059
0 523957
1 525792
2060
0 933559
1 935388
2061
0 1343153
1 1344983
2062
0 1752751
1 1754582
2063
0 65197
1 67028
2064
0 474789
1 476623
2065
0 884391
1 886223
2066
0 1293984
1 1295819
2067
0 1703580
1 1705416
2068
0 16027
1 17860
2069
0 425625
1 427456
2070
0 835222
1 837053
2071
0 1244816
1 1246649
2072
0 1654413
1 1656248
2073
0 2064011
1 2065839
2074
0 376455
1 378286
2075
0 786051
1 787883
2076
0 1195650
1 1197482
2077
0 1605250
1 1607080
2078
0 2014843
1 2016678
2079
0 327285
1 329119
2080
0 736887
1 738718
2081
0 1146481
1 1148317
2082
0 1556076
1 1557909
2083
0 1965676
1 1967506
2084
0 278119
1 279951
2085
0 687716
1 689547
2086
0 1097313
1 1099143
2087
0 1506911
1 1508741
2088
0 1916508
1 1918339
2089
0 228949
1 230782
2090
0 638548
1 640381
2091
0 1048144
1 1049975
2092
0 1457743
1 1459571
2093
0 1867341
1 1869170
2094
0 179783
1 181614
2095
0 589382
1 591215
2096
0 998973
1 1000809
2097
0 1408571
1 1410404
2098
0 1818171
1 1820001
2099
0 130615
1 132444
2100
0 540213
1 542047
2101
0 949809
1 951640
2102
0 1359405
1 1361239
2103
0 1769003
1 1770834
2104
0 81444
1 83274
2105
0 491045
1 492876
2106
0 900642
1 902474
2107
0 1310236
1 1312070
2108
0 1719831
1 1721667
2109
0 32276
1 34110
2110
0 441875
1 443709
2111
0 851472
1 853306
2112
0 1261068
1 1262899
2113
0 1670668
1 1672499
2114
0 2080263
1 2082095
2115
0 392706
1 394536
2116
0 802306
1 804135
